0 5
1 5
2 6
3 5
4 5
5 5
6 5
7 5
8 25
9 6
10 8
11 10
12 5
13 86
14 26
15 26
16 19
17 47
18 45
19 5
20 56
21 24
22 66
23 15
24 66
25 22
26 21
27 19
28 48
29 29
30 43
31 15
32 34
33 26
34 34
35 17
36 36
37 17
38 38
39 37
40 25
41 20
42 45
43 41
44 26
45 33
46 13
47 23
48 18
49 17
50 5
51 41
52 27
53 29
54 17
55 7
56 5
57 5
58 5
59 11
60 13
61 32
62 23
63 8
64 7
65 14
66 7
67 10
68 5
69 8
70 7
71 66
72 5
73 5
74 5
75 16
76 8
77 26
78 22
79 13
80 11
81 14
82 9
83 11
84 19
85 43
86 9
87 22
88 16
89 68
90 92
91 5
92 8
93 22
94 51
95 21
96 15
97 5
98 11
99 7
100 16
101 18
102 24
103 14
104 15
105 38
106 25
107 28
108 7
109 16
110 32
111 14
112 14
113 17
114 12
115 14
116 22
117 28
118 14
119 5
120 5
121 20
122 5
123 12
124 20
125 8
126 16
127 25
128 16
129 12
130 19
131 6
132 6
133 16
134 6
135 5
136 5
137 6
138 5
139 5
140 5
141 5
142 5
143 5
144 5
145 5
146 5
147 5
148 5
149 5
150 14
151 30
152 10
153 25
154 32
155 49
156 5
157 8
158 13
159 5
160 11
161 21
162 12
163 5
164 11
165 46
166 21
167 53
168 19
169 27
170 13
171 31
172 9
173 25
174 34
175 20
176 6
177 24
178 30
179 15
180 8
181 17
182 7
183 30
184 6
185 16
186 13
187 9
188 18
189 23
190 36
191 23
192 13
193 6
194 28
195 6
196 30
197 9
198 15
199 11
200 13
201 12
202 19
203 12
204 5
205 10
206 8
207 19
208 16
209 16
210 10
211 7
212 22
213 5
214 12
215 6
216 10
217 19
218 5
219 29
220 36
221 6
222 17
223 6
224 10
225 16
226 6
227 42
228 10
229 5
230 5
231 8
232 10
233 7
234 12
235 9
236 6
237 24
238 7
239 20
240 12
241 7
242 5
243 16
244 5
245 33
246 9
247 5
248 10
249 11
250 15
251 7
252 8
253 31
254 8
255 11
256 6
257 11
258 5
259 8
260 9
261 6
262 5
263 6
264 7
265 5
266 8
267 5
268 7
269 5
270 6
271 8
272 5
273 5
274 5
275 5
276 5
277 9
278 5
279 5
280 6
281 8
282 6
283 5
284 12
285 30
286 25
287 7
288 5
289 14
290 12
291 14
292 5
293 12
294 5
295 7
296 12
297 5
298 17
299 11
300 5
301 8
302 5
303 6
304 6
305 5
306 7
307 8
308 24
309 11
310 57
311 28
312 6
313 9
314 7
315 44
316 10
317 5
318 29
319 5
320 5
321 5
322 6
323 12
324 8
325 11
326 10
327 9
328 13
329 6
330 5
331 7
332 5
333 5
334 5
335 8
336 5
337 5
338 5
339 5
340 5
341 5
342 5
343 7
344 5
345 5
346 6
347 9
348 8
349 5
350 5
351 6
352 5
353 23
354 5
355 8
356 10
357 5
358 5
359 8
360 21
361 19
362 19
363 10
364 21
365 8
366 10
367 17
368 17
369 6
370 9
371 12
372 14
373 10
374 5
375 9
376 6
377 5
378 58
379 10
380 8
381 13
382 19
383 5
384 5
385 5
386 5
387 5
388 6
389 10
390 5
391 7
392 6
393 6
394 6
395 5
396 5
397 7
398 12
399 9
400 5
401 5
402 6
403 5
404 5
405 5
406 5
407 5
408 5
409 5
410 5
411 11
412 7
413 9
414 8
415 5
416 6
417 5
418 18
419 7
420 5
421 9
422 5
423 5
424 5
425 5
426 5
427 5
428 5
429 5
430 5
431 5
432 7
433 5
434 8
435 9
436 5
437 5
438 5
439 5
440 5
441 5
442 5
443 5
444 5
445 8
446 11
447 12
448 5
449 5
450 5
451 7
452 5
453 8
454 5
455 9
456 12
457 5
458 5
459 5
460 5
461 5
462 5
463 7
464 5
465 5
466 5
467 5
468 5
469 5
470 5
471 5
472 6
473 5
474 5
475 5
476 5
477 5
478 5
479 9
480 5
481 5
482 5
483 5
484 5
485 5
486 5
487 5
488 5
489 5
490 5
491 7
492 5
493 11
494 5
495 5
496 5
497 5
498 5
499 5
500 5
501 14
502 63
503 30
504 5
505 5
506 5
507 6
508 8
509 7
510 17
511 19
512 29
513 13
514 7
515 9
516 11
517 5
518 9
519 5
520 5
521 5
522 12
523 20
524 9
525 9
526 12
527 14
528 8
529 8
530 17
531 5
532 5
533 5
534 6
535 5
536 5
537 5
538 5
539 16
540 7
541 5
542 5
543 5
544 6
545 5
546 5
547 5
548 5
549 6
550 7
551 6
552 7
553 5
554 5
555 5
556 5
557 5
558 5
559 5
560 5
561 5
562 5
563 5
564 5
565 5
566 5
567 5
568 5
569 5
570 5
571 10
572 7
573 6
574 5
575 5
576 5
577 5
578 5
579 5
580 6
581 7
582 5
583 7
584 5
585 5
586 5
587 5
588 10
589 24
590 29
591 9
592 16
593 16
594 23
595 8
596 14
597 9
598 5
599 5
600 5
601 5
602 12
603 12
604 25
605 5
606 5
607 11
608 16
609 10
610 17
611 13
612 6
613 6
614 12
615 6
616 8
617 14
618 31
619 6
620 5
621 5
622 5
623 33
624 16
625 5
626 14
627 26
628 10
629 26
630 27
631 27
632 12
633 11
634 6
635 14
636 11
637 13
638 12
639 5
640 8
641 17
642 6
643 30
644 17
645 23
646 20
647 20
648 5
649 5
650 5
651 12
652 8
653 44
654 15
655 17
656 9
657 10
658 12
659 38
660 33
661 39
662 40
663 13
664 20
665 14
666 6
667 13
668 36
669 12
670 20
671 8
672 23
673 12
674 20
675 9
676 5
677 5
678 5
679 6
680 31
681 15
682 5
683 5
684 9
685 7
686 7
687 15
688 9
689 27
690 5
691 5
692 6
693 5
694 12
695 6
696 5
697 5
698 5
699 6
700 6
701 5
702 5
703 5
704 5
705 5
706 11
707 8
708 5
709 9
710 6
711 6
712 5
713 5
714 5
715 5
716 6
717 5
718 5
719 5
720 7
721 6
722 5
723 13
724 12
725 11
726 6
727 7
728 5
729 5
730 5
731 5
732 5
733 5
734 5
735 5
736 5
737 5
738 5
739 6
740 5
741 5
742 5
743 5
744 5
745 5
746 5
747 8
748 11
749 14
750 28
751 6
752 5
753 5
754 5
755 5
756 6
757 6
758 7
759 16
760 20
761 11
762 22
763 5
764 13
765 8
766 5
767 11
768 5
769 5
770 5
771 5
772 5
773 5
774 5
775 13
776 5
777 5
778 5
779 5
780 5
781 5
782 5
783 14
784 5
785 5
786 5
787 5
788 5
789 5
790 5
791 5
792 5
793 5
794 5
795 5
796 5
797 5
798 7
799 5
800 7
801 8
802 5
803 6
804 5
805 5
806 5
807 10
808 5
809 5
810 5
811 5
812 5
813 8
814 7
815 5
816 5
817 8
818 5
819 5
820 5
821 5
822 6
823 5
824 6
825 6
826 5
827 6
828 6
829 7
830 6
831 5
832 5
833 5
834 5
835 5
836 5
837 36
838 9
839 16
840 13
841 5
842 20
843 5
844 5
845 6
846 8
847 5
848 5
849 5
850 8
851 14
852 6
853 13
854 7
855 13
856 13
857 5
858 30
859 11
860 17
861 21
862 9
863 10
864 13
865 9
866 16
867 11
868 13
869 6
870 6
871 8
872 5
873 7
874 9
875 6
876 11
877 19
878 23
879 5
880 6
881 6
882 11
883 6
884 6
885 6
886 5
887 6
888 5
889 14
890 8
891 7
892 6
893 6
894 7
895 12
896 7
897 7
898 5
899 5
900 5
901 5
902 5
903 5
904 5
905 13
906 6
907 10
908 10
909 5
910 8
911 5
912 5
913 5
914 5
915 5
916 5
917 10
918 5
919 6
920 5
921 5
922 14
923 37
924 5
925 8
926 6
927 5
928 14
929 12
930 10
931 27
932 9
933 13
934 5
935 8
936 5
937 5
938 5
939 5
940 12
941 12
942 5
943 5
944 5
945 5
946 5
947 5
948 5
949 5
950 5
951 5
952 5
953 5
954 5
955 5
956 5
957 5
958 5
959 5
960 5
961 5
962 5
963 5
964 5
965 5
966 5
967 5
968 5
969 5
970 5
971 5
972 5
973 22
974 5
975 5
976 5
977 5
978 5
979 5
980 5
981 22
982 9
983 5
984 6
985 5
986 5
987 5
988 6
989 9
990 14
991 6
992 6
993 5
994 5
995 5
996 10
997 5
998 5
999 5
1000 5
1001 5
1002 6
1003 5
1004 5
1005 6
1006 5
1007 7
1008 5
1009 5
1010 5
1011 5
1012 5
1013 5
1014 5
1015 5
1016 6
1017 5
1018 5
1019 5
1020 5
1021 5
1022 5
1023 5
1024 5
1025 5
1026 5
1027 5
1028 5
1029 5
1030 5
1031 5
1032 5
1033 5
1034 36
1035 39
1036 6
1037 33
1038 7
1039 11
1040 21
1041 9
1042 9
1043 11
1044 18
1045 19
1046 5
1047 13
1048 14
1049 21
1050 18
1051 7
1052 6
1053 8
1054 12
1055 10
1056 8
1057 6
1058 5
1059 5
1060 5
1061 5
1062 5
1063 11
1064 8
1065 5
1066 5
1067 15
1068 5
1069 5
1070 5
1071 5
1072 5
1073 5
1074 5
1075 6
1076 6
1077 6
1078 7
1079 5
1080 5
1081 6
1082 5
1083 5
1084 5
1085 5
1086 5
1087 5
1088 5
1089 5
1090 5
1091 5
1092 5
1093 5
1094 5
1095 5
1096 5
1097 5
1098 5
1099 5
1100 28
1101 17
1102 46
1103 13
1104 10
1105 12
1106 12
1107 34
1108 26
1109 13
1110 7
1111 12
1112 12
1113 11
1114 6
1115 13
1116 6
1117 9
1118 9
1119 11
1120 5
1121 5
1122 5
1123 5
1124 9
1125 5
1126 5
1127 5
1128 5
1129 5
1130 5
1131 5
1132 6
1133 6
1134 9
1135 7
1136 9
1137 8
1138 7
1139 6
1140 5
1141 6
1142 5
1143 8
1144 5
1145 6
1146 5
1147 5
1148 5
1149 5
1150 5
1151 5
1152 5
1153 9
1154 5
1155 12
1156 9
1157 5
1158 5
1159 11
1160 5
1161 5
1162 5
1163 5
1164 7
1165 5
1166 5
1167 5
1168 5
1169 5
1170 5
1171 5
1172 5
1173 5
1174 5
1175 5
1176 5
1177 5
1178 5
1179 5
1180 5
1181 6
1182 5
1183 5
1184 5
1185 5
1186 5
1187 5
1188 5
1189 5
1190 5
1191 5
1192 5
1193 5
1194 5
1195 5
1196 16
1197 5
1198 5
1199 5
1200 5
1201 9
1202 5
1203 5
1204 6
1205 16
1206 5
1207 5
1208 5
1209 8
1210 5
1211 6
1212 5
1213 5
1214 5
1215 5
1216 5
1217 5
1218 5
1219 5
1220 5
1221 5
1222 5
1223 6
1224 5
1225 7
1226 7
1227 5
1228 5
1229 5
1230 5
1231 5
1232 5
1233 5
1234 5
1235 6
1236 5
1237 5
1238 5
1239 5
1240 5
1241 5
1242 5
1243 5
1244 5
1245 5
1246 5
1247 5
1248 5
1249 5
1250 5
1251 5
1252 5
1253 5
1254 5
1255 5
1256 5
1257 5
1258 5
1259 5
1260 5
1261 17
1262 5
1263 5
1264 5
1265 5
1266 5
1267 5
1268 5
1269 13
1270 5
1271 5
1272 5
1273 5
1274 5
1275 5
1276 13
1277 5
1278 5
1279 5
1280 7
1281 5
1282 5
1283 5
1284 5
1285 5
1286 5
1287 6
1288 10
1289 5
1290 5
1291 5
1292 5
1293 5
1294 7
1295 11
1296 5
1297 7
1298 7
1299 5
1300 5
1301 6
1302 5
1303 6
1304 5
1305 5
1306 5
1307 5
1308 5
1309 5
1310 5
1311 5
1312 5
1313 5
1314 5
1315 5
1316 5
1317 5
1318 5
1319 6
1320 5
1321 5
1322 5
1323 5
1324 5
1325 7
1326 5
1327 5
1328 5
1329 5
1330 5
1331 5
1332 5
1333 5
1334 5
1335 5
1336 5
1337 5
1338 5
1339 6
1340 5
1341 5
1342 5
1343 5
1344 5
1345 5
1346 5
1347 5
1348 5
1349 5
1350 5
1351 5
1352 5
1353 5
1354 5
1355 5
1356 5
1357 5
1358 5
1359 5
1360 5
1361 5
1362 5
1363 5
1364 5
1365 5
1366 5
1367 5
1368 5
1369 5
1370 5
1371 5
1372 5
1373 5
1374 5
1375 5
1376 5
1377 5
1378 5
1379 5
1380 5
1381 5
1382 6
1383 5
1384 5
1385 5
1386 5
1387 5
1388 5
1389 19
1390 6
1391 11
1392 18
1393 5
1394 7
1395 17
1396 9
1397 6
1398 10
1399 5
1400 11
1401 5
1402 6
1403 5
1404 5
1405 5
1406 5
1407 5
1408 5
1409 5
1410 5
1411 5
1412 5
1413 5
1414 12
1415 5
1416 9
1417 5
1418 5
1419 5
1420 5
1421 5
1422 5
1423 5
1424 5
1425 5
1426 5
1427 5
1428 5
1429 5
1430 5
1431 5
1432 5
1433 5
1434 5
1435 5
1436 5
1437 5
1438 5
1439 5
1440 5
1441 5
1442 5
1443 5
1444 5
1445 5
1446 5
1447 5
1448 5
1449 5
1450 7
1451 13
1452 5
1453 5
1454 8
1455 6
1456 6
1457 6
1458 6
1459 5
1460 5
1461 6
1462 5
1463 7
1464 17
1465 6
1466 5
1467 7
1468 6
1469 8
1470 5
1471 5
1472 12
1473 18
1474 6
1475 11
1476 11
1477 5
1478 10
1479 12
1480 8
1481 6
1482 5
1483 12
1484 5
1485 5
1486 7
1487 5
1488 5
1489 5
1490 9
1491 7
1492 5
1493 5
1494 5
1495 5
1496 5
1497 5
1498 9
1499 5
1500 6
1501 5
1502 5
1503 6
1504 9
1505 5
1506 12
1507 5
1508 5
1509 6
1510 11
1511 6
1512 5
1513 5
1514 5
1515 5
1516 5
1517 5
1518 5
1519 5
1520 5
1521 5
1522 5
1523 5
1524 5
1525 5
1526 5
1527 10
1528 5
1529 5
1530 5
1531 5
1532 5
1533 5
1534 5
1535 5
1536 5
1537 6
1538 16
1539 5
1540 19
1541 5
1542 15
1543 5
1544 7
1545 7
1546 6
1547 15
1548 12
1549 9
1550 7
1551 22
1552 18
1553 21
1554 11
1555 5
1556 21
1557 21
1558 6
1559 12
1560 5
1561 11
1562 9
1563 10
1564 6
1565 17
1566 14
1567 14
1568 6
1569 7
1570 5
1571 5
1572 32
1573 16
1574 14
1575 28
1576 6
1577 11
1578 19
1579 5
1580 5
1581 12
1582 5
1583 5
1584 7
1585 5
1586 5
1587 6
1588 5
1589 5
1590 5
1591 5
1592 7
1593 6
1594 5
1595 8
1596 8
1597 14
1598 10
1599 10
1600 6
1601 5
1602 8
1603 7
1604 5
1605 5
1606 5
1607 5
1608 8
1609 15
1610 7
1611 11
1612 15
1613 8
1614 7
1615 6
1616 7
1617 6
1618 5
1619 7
1620 8
1621 6
1622 5
1623 5
1624 5
1625 5
1626 5
1627 6
1628 5
1629 5
1630 5
1631 5
1632 5
1633 5
1634 5
1635 5
1636 6
1637 5
1638 15
1639 7
1640 6
1641 13
1642 5
1643 7
1644 5
1645 16
1646 5
1647 6
1648 7
1649 5
1650 5
1651 7
1652 9
1653 7
1654 5
1655 6
1656 5
1657 5
1658 5
1659 5
1660 5
1661 5
1662 5
1663 5
1664 5
1665 5
1666 5
1667 6
1668 5
1669 5
1670 8
1671 9
1672 7
1673 5
1674 8
1675 5
1676 9
1677 10
1678 10
1679 5
1680 6
1681 7
1682 5
1683 5
1684 5
1685 14
1686 5
1687 5
1688 5
1689 6
1690 5
1691 5
1692 15
1693 15
1694 8
1695 10
1696 6
1697 5
1698 5
1699 5
1700 5
1701 24
1702 5
1703 6
1704 6
1705 7
1706 7
1707 5
1708 5
1709 5
1710 5
1711 5
1712 5
1713 7
1714 12
1715 12
1716 23
1717 5
1718 5
1719 10
1720 5
1721 6
1722 6
1723 5
1724 5
1725 5
1726 5
1727 5
1728 5
1729 6
1730 5
1731 5
1732 5
1733 5
1734 5
1735 5
1736 5
1737 5
1738 5
1739 5
1740 5
1741 5
1742 5
1743 5
1744 5
1745 5
1746 5
1747 6
1748 5
1749 5
1750 6
1751 5
1752 5
1753 5
1754 5
1755 5
1756 5
1757 5
1758 5
1759 8
1760 5
1761 5
1762 5
1763 5
1764 5
1765 6
1766 5
1767 6
1768 5
1769 6
1770 7
1771 5
1772 5
1773 5
1774 5
1775 10
1776 8
1777 14
1778 5
1779 5
1780 5
1781 5
1782 5
1783 5
1784 5
1785 5
1786 7
1787 5
1788 5
1789 8
1790 5
1791 5
1792 5
1793 5
1794 5
1795 6
1796 5
1797 5
1798 5
1799 5
1800 5
1801 5
1802 5
1803 6
1804 16
1805 5
1806 6
1807 5
1808 5
1809 5
1810 5
1811 5
1812 5
1813 7
1814 5
1815 5
1816 5
1817 5
1818 7
1819 8
1820 5
1821 5
1822 5
1823 5
1824 5
1825 5
1826 5
1827 10
1828 5
1829 5
1830 5
1831 5
1832 5
1833 5
1834 5
1835 5
1836 5
1837 5
1838 5
1839 5
1840 5
1841 5
1842 5
1843 5
1844 5
1845 5
1846 5
1847 5
1848 8
1849 5
1850 5
1851 5
1852 5
1853 5
1854 5
1855 5
1856 5
1857 5
1858 9
1859 8
1860 5
1861 5
1862 5
1863 5
1864 6
1865 9
1866 5
1867 5
1868 5
1869 5
1870 5
1871 5
1872 5
1873 5
1874 8
1875 6
1876 7
1877 5
1878 5
1879 7
1880 5
1881 5
1882 5
1883 5
1884 5
1885 5
1886 13
1887 5
1888 5
1889 5
1890 5
1891 5
1892 5
1893 5
1894 5
1895 5
1896 5
1897 11
1898 10
1899 22
1900 9
1901 19
1902 7
1903 17
1904 8
1905 12
1906 20
1907 10
1908 10
1909 16
1910 15
1911 16
1912 20
1913 14
1914 8
1915 9
1916 13
1917 13
1918 6
1919 5
1920 5
1921 9
1922 6
1923 5
1924 5
1925 5
1926 5
1927 5
1928 5
1929 6
1930 5
1931 5
1932 5
1933 5
1934 5
1935 5
1936 5
1937 8
1938 6
1939 7
1940 8
1941 52
1942 6
1943 8
1944 5
1945 5
1946 5
1947 5
1948 7
1949 5
1950 5
1951 5
1952 5
1953 5
1954 5
1955 5
1956 5
1957 5
1958 5
1959 5
1960 5
1961 5
1962 12
1963 5
1964 5
1965 5
1966 5
1967 31
1968 5
1969 11
1970 5
1971 5
1972 5
1973 5
1974 6
1975 5
1976 5
1977 5
1978 5
1979 5
1980 5
1981 5
1982 5
1983 7
1984 10
1985 5
1986 7
1987 5
1988 6
1989 5
1990 8
1991 5
1992 8
1993 9
1994 6
1995 7
1996 11
1997 5
1998 8
1999 6
2000 5
2001 6
2002 5
2003 8
2004 8
2005 10
2006 5
2007 5
2008 15
2009 10
2010 5
2011 8
2012 5
2013 6
2014 8
2015 6
2016 5
2017 5
2018 6
2019 5
2020 5
2021 5
2022 5
2023 5
2024 5
2025 5
2026 5
2027 5
2028 6
2029 5
2030 5
2031 8
2032 5
2033 5
2034 5
2035 5
2036 5
2037 5
2038 7
2039 14
2040 8
2041 9
2042 5
2043 5
2044 5
2045 5
2046 5
2047 6
2048 5
2049 6
2050 11
2051 5
2052 5
2053 5
2054 5
2055 6
2056 5
2057 5
2058 6
2059 5
2060 7
2061 5
2062 5
2063 6
2064 6
2065 5
2066 5
2067 5
2068 9
2069 5
2070 5
2071 5
2072 5
2073 5
2074 5
2075 5
2076 5
2077 6
2078 5
2079 6
2080 5
2081 13
2082 5
2083 5
2084 9
2085 7
2086 5
2087 5
2088 5
2089 5
2090 5
2091 5
2092 5
2093 6
2094 5
2095 11
2096 5
2097 5
2098 9
2099 5
2100 5
2101 5
2102 5
2103 5
2104 5
2105 5
2106 6
2107 7
2108 5
2109 5
2110 5
2111 5
2112 5
2113 5
2114 5
2115 5
2116 5
2117 5
2118 5
2119 5
2120 5
2121 5
2122 5
2123 5
2124 5
2125 5
2126 5
2127 5
2128 5
2129 5
2130 5
2131 5
2132 5
2133 5
2134 5
2135 5
2136 5
2137 5
2138 8
2139 5
2140 5
2141 5
2142 5
2143 5
2144 5
2145 5
2146 5
2147 5
2148 5
2149 5
2150 5
2151 5
2152 5
2153 10
2154 6
2155 6
2156 5
2157 5
2158 5
2159 36
2160 15
2161 10
2162 9
2163 5
2164 5
2165 11
2166 8
2167 7
2168 6
2169 8
2170 5
2171 5
2172 5
2173 5
2174 5
2175 5
2176 6
2177 12
2178 8
2179 5
2180 13
2181 7
2182 8
2183 14
2184 8
2185 9
2186 31
2187 14
2188 10
2189 14
2190 21
2191 7
2192 19
2193 12
2194 6
2195 5
2196 10
2197 8
2198 8
2199 17
2200 9
2201 8
2202 10
2203 10
2204 7
2205 14
2206 11
2207 18
2208 19
2209 5
2210 19
2211 6
2212 6
2213 6
2214 7
2215 5
2216 5
2217 5
2218 6
2219 5
2220 9
2221 5
2222 12
2223 7
2224 12
2225 8
2226 7
2227 8
2228 6
2229 5
2230 13
2231 5
2232 11
2233 7
2234 5
2235 5
2236 5
2237 11
2238 7
2239 7
2240 8
2241 6
2242 7
2243 6
2244 6
2245 6
2246 5
2247 5
2248 6
2249 5
2250 5
2251 5
2252 5
2253 5
2254 5
2255 5
2256 5
2257 5
2258 5
2259 5
2260 5
2261 5
2262 12
2263 5
2264 5
2265 5
2266 5
2267 10
2268 9
2269 5
2270 6
2271 8
2272 5
2273 11
2274 17
2275 22
2276 9
2277 7
2278 8
2279 5
2280 5
2281 5
2282 6
2283 5
2284 5
2285 5
2286 5
2287 11
2288 7
2289 6
2290 5
2291 5
2292 7
2293 12
2294 8
2295 8
2296 15
2297 11
2298 5
2299 5
2300 5
2301 5
2302 5
2303 5
2304 6
2305 11
2306 7
2307 5
2308 6
2309 5
2310 5
2311 6
2312 5
2313 5
2314 6
2315 5
2316 5
2317 5
2318 5
2319 7
2320 5
2321 5
2322 5
2323 18
2324 6
2325 7
2326 6
2327 10
2328 8
2329 5
2330 5
2331 5
2332 5
2333 7
2334 5
2335 5
2336 5
2337 7
2338 6
2339 5
2340 6
2341 13
2342 11
2343 15
2344 11
2345 11
2346 5
2347 5
2348 7
2349 10
2350 7
2351 5
2352 5
2353 8
2354 5
2355 5
2356 8
2357 7
2358 5
2359 6
2360 7
2361 5
2362 5
2363 6
2364 5
2365 5
2366 7
2367 5
2368 5
2369 5
2370 5
2371 5
2372 5
2373 52
2374 10
2375 5
2376 5
2377 5
2378 5
2379 5
2380 5
2381 6
2382 5
2383 5
2384 5
2385 5
2386 5
2387 5
2388 6
2389 6
2390 5
2391 5
2392 5
2393 5
2394 5
2395 5
2396 6
2397 5
2398 5
2399 5
2400 5
2401 5
2402 5
2403 5
2404 5
2405 6
2406 5
2407 5
2408 5
2409 5
2410 5
2411 5
2412 5
2413 5
2414 5
2415 6
2416 5
2417 5
2418 5
2419 6
2420 5
2421 5
2422 5
2423 5
2424 5
2425 5
2426 5
2427 5
2428 5
2429 5
2430 5
2431 5
2432 5
2433 5
2434 5
2435 5
2436 5
2437 5
2438 5
2439 5
2440 5
2441 5
2442 5
2443 5
2444 5
2445 5
2446 5
2447 5
2448 5
2449 5
2450 5
2451 5
2452 5
2453 5
2454 5
2455 5
2456 8
2457 5
2458 5
2459 6
2460 5
2461 5
2462 5
2463 6
2464 5
2465 5
2466 5
2467 5
2468 5
2469 6
2470 5
2471 5
2472 10
2473 5
2474 6
2475 5
2476 5
2477 27
2478 5
2479 5
2480 13
2481 5
2482 5
2483 5
2484 6
2485 19
2486 14
2487 11
2488 10
2489 10
2490 5
2491 9
2492 11
2493 5
2494 9
2495 5
2496 5
2497 5
2498 8
2499 5
2500 7
2501 5
2502 5
2503 8
2504 5
2505 7
2506 5
2507 5
2508 5
2509 5
2510 8
2511 8
2512 5
2513 5
2514 5
2515 5
2516 5
2517 5
2518 5
2519 5
2520 5
2521 5
2522 5
2523 5
2524 5
2525 5
2526 5
2527 5
2528 5
2529 5
2530 5
2531 5
2532 5
2533 5
2534 5
2535 5
2536 5
2537 5
2538 5
2539 5
2540 7
2541 5
2542 9
2543 5
2544 5
2545 5
2546 6
2547 9
2548 5
2549 5
2550 5
2551 5
2552 5
2553 5
2554 5
2555 5
2556 5
2557 5
2558 5
2559 5
2560 5
2561 5
2562 5
2563 5
2564 5
2565 5
2566 5
2567 5
2568 5
2569 5
2570 13
2571 5
2572 5
2573 6
2574 6
2575 7
2576 5
2577 5
2578 5
2579 5
2580 5
2581 5
2582 5
2583 5
2584 5
2585 6
2586 9
2587 5
2588 5
2589 5
2590 5
2591 5
2592 7
2593 9
2594 5
2595 5
2596 5
2597 5
2598 5
2599 5
2600 5
2601 6
2602 5
2603 8
2604 5
2605 14
2606 5
2607 5
2608 5
2609 5
2610 5
2611 5
2612 5
2613 5
2614 6
2615 5
2616 5
2617 6
2618 5
2619 5
2620 6
2621 5
2622 5
2623 5
2624 5
2625 6
2626 5
2627 5
2628 5
2629 5
2630 5
2631 5
2632 5
2633 5
2634 5
2635 5
2636 5
2637 7
2638 5
2639 7
2640 8
2641 5
2642 5
2643 5
2644 5
2645 5
2646 11
2647 6
2648 5
2649 6
2650 5
2651 5
2652 5
2653 5
2654 5
2655 5
2656 5
2657 5
2658 5
2659 6
2660 7
2661 5
2662 5
2663 5
2664 5
2665 5
2666 5
2667 6
2668 10
2669 8
2670 6
2671 12
2672 10
2673 6
2674 10
2675 9
2676 6
2677 5
2678 5
2679 5
2680 6
2681 5
2682 5
2683 5
2684 5
2685 5
2686 5
2687 5
2688 5
2689 5
2690 5
2691 9
2692 6
2693 6
2694 7
2695 5
2696 5
2697 5
2698 5
2699 8
2700 5
2701 5
2702 5
2703 8
2704 5
2705 14
2706 5
2707 5
2708 5
2709 5
2710 5
2711 7
2712 5
2713 5
2714 5
2715 5
2716 5
2717 5
2718 5
2719 5
2720 5
2721 5
2722 9
2723 5
2724 5
2725 6
2726 5
2727 5
2728 5
2729 5
2730 5
2731 5
2732 17
2733 5
2734 6
2735 9
2736 5
2737 6
2738 5
2739 9
2740 5
2741 5
2742 6
2743 5
2744 5
2745 5
2746 5
2747 5
2748 6
2749 5
2750 5
2751 5
2752 5
2753 5
2754 5
2755 5
2756 5
2757 11
2758 8
2759 5
2760 17
2761 8
2762 5
2763 5
2764 5
2765 5
2766 6
2767 5
2768 5
2769 5
2770 5
2771 5
2772 5
2773 5
2774 5
2775 5
2776 9
2777 29
2778 29
2779 7
2780 7
2781 6
2782 15
2783 5
2784 5
2785 5
2786 16
2787 5
2788 5
2789 5
2790 5
2791 5
2792 5
2793 5
2794 10
2795 5
2796 5
2797 5
2798 5
2799 5
2800 5
2801 5
2802 5
2803 5
2804 6
2805 13
2806 5
2807 5
2808 5
2809 5
2810 5
2811 5
2812 5
2813 5
2814 5
2815 5
2816 5
2817 5
2818 6
2819 18
2820 13
2821 11
2822 5
2823 5
2824 5
2825 5
2826 7
2827 5
2828 5
2829 5
2830 5
2831 5
2832 5
2833 5
2834 5
2835 21
2836 30
2837 5
2838 6
2839 8
2840 5
2841 7
2842 17
2843 5
2844 6
2845 7
2846 5
2847 5
2848 5
2849 5
2850 5
2851 5
2852 5
2853 10
2854 6
2855 8
2856 5
2857 5
2858 5
2859 5
2860 6
2861 5
2862 9
2863 5
2864 6
2865 6
2866 6
2867 5
2868 6
2869 5
2870 6
2871 6
2872 5
2873 5
2874 5
2875 5
2876 5
2877 8
2878 7
2879 5
2880 5
2881 5
2882 5
2883 5
2884 5
2885 6
2886 5
2887 5
2888 5
2889 6
2890 5
2891 5
2892 6
2893 5
2894 5
2895 5
2896 8
2897 7
2898 5
2899 5
2900 5
2901 5
2902 5
2903 5
2904 5
2905 5
2906 5
2907 5
2908 12
2909 5
2910 5
2911 5
2912 5
2913 5
2914 5
2915 5
2916 5
2917 5
2918 5
2919 5
2920 5
2921 5
2922 5
2923 5
2924 5
2925 5
2926 5
2927 5
2928 6
2929 5
2930 5
2931 5
2932 5
2933 5
2934 5
2935 5
2936 5
2937 8
2938 5
2939 5
2940 6
2941 5
2942 5
2943 5
2944 6
2945 5
2946 5
2947 5
2948 6
2949 6
2950 11
2951 5
2952 7
2953 5
2954 5
2955 36
2956 6
2957 6
2958 5
2959 5
2960 6
2961 5
2962 5
2963 6
2964 5
2965 5
2966 5
2967 5
2968 5
2969 5
2970 5
2971 5
2972 5
2973 5
2974 5
2975 5
2976 5
2977 5
2978 5
2979 5
2980 5
2981 7
2982 5
2983 5
2984 5
2985 5
2986 7
2987 5
2988 5
2989 9
2990 15
2991 5
2992 10
2993 5
2994 7
2995 6
2996 5
2997 8
2998 6
2999 12
3000 8
3001 6
3002 9
3003 11
3004 5
3005 5
3006 6
3007 5
3008 5
3009 5
3010 5
3011 5
3012 8
3013 6
3014 5
3015 6
3016 5
3017 5
3018 7
3019 5
3020 5
3021 5
3022 5
3023 5
3024 5
3025 5
3026 5
3027 5
3028 5
3029 5
3030 5
3031 8
3032 5
3033 5
3034 5
3035 5
3036 5
3037 5
3038 5
3039 5
3040 5
3041 5
3042 5
3043 5
3044 5
3045 5
3046 5
3047 6
3048 7
3049 6
3050 5
3051 7
3052 5
3053 5
3054 5
3055 5
3056 5
3057 5
3058 5
3059 5
3060 5
3061 5
3062 5
3063 5
3064 5
3065 5
3066 5
3067 5
3068 5
3069 5
3070 5
3071 13
3072 5
3073 8
3074 5
3075 5
3076 5
3077 5
3078 5
3079 6
3080 5
3081 5
3082 5
3083 5
3084 5
3085 5
3086 5
3087 5
3088 5
3089 5
3090 5
3091 5
3092 5
3093 5
3094 5
3095 5
3096 5
3097 5
3098 5
3099 6
3100 5
3101 5
3102 5
3103 5
3104 5
3105 5
3106 5
3107 5
3108 5
3109 5
3110 6
3111 6
3112 6
3113 7
3114 10
3115 6
3116 5
3117 6
3118 6
3119 5
3120 5
3121 5
3122 5
3123 5
3124 5
3125 5
3126 5
3127 5
3128 5
3129 5
3130 38
3131 5
3132 5
3133 5
3134 6
3135 5
3136 5
3137 5
3138 5
3139 5
3140 5
3141 5
3142 6
3143 5
3144 5
3145 5
3146 5
3147 5
3148 5
3149 5
3150 6
3151 5
3152 5
3153 5
3154 5
3155 5
3156 5
3157 5
3158 5
3159 5
3160 5
3161 5
3162 5
3163 5
3164 5
3165 5
3166 5
3167 5
3168 5
3169 5
3170 5
3171 5
3172 5
3173 5
3174 5
3175 5
3176 5
3177 5
3178 5
3179 5
3180 5
3181 5
3182 5
3183 5
3184 5
3185 5
3186 5
3187 5
3188 5
3189 9
3190 9
3191 7
3192 8
3193 12
3194 6
3195 5
3196 5
3197 5
3198 5
3199 5
3200 5
3201 5
3202 5
3203 5
3204 5
3205 5
3206 5
3207 5
3208 5
3209 5
3210 5
3211 13
3212 14
3213 5
3214 13
3215 10
3216 16
3217 10
3218 8
3219 10
3220 21
3221 6
3222 9
3223 12
3224 10
3225 9
3226 7
3227 5
3228 8
3229 5
3230 5
3231 5
3232 5
3233 5
3234 5
3235 5
3236 5
3237 5
3238 7
3239 5
3240 11
3241 5
3242 5
3243 5
3244 5
3245 5
3246 5
3247 5
3248 5
3249 5
3250 5
3251 5
3252 5
3253 5
3254 5
3255 5
3256 6
3257 5
3258 24
3259 5
3260 5
3261 5
3262 5
3263 5
3264 5
3265 5
3266 5
3267 5
3268 5
3269 5
3270 5
3271 5
3272 5
3273 5
3274 5
3275 5
3276 5
3277 5
3278 5
3279 5
3280 5
3281 5
3282 5
3283 5
3284 5
3285 5
3286 5
3287 5
3288 5
3289 5
3290 5
3291 5
3292 5
3293 5
3294 5
3295 5
3296 5
3297 5
3298 5
3299 5
3300 6
3301 5
3302 5
3303 5
3304 5
3305 5
3306 5
3307 5
3308 5
3309 5
3310 5
3311 5
3312 5
3313 5
3314 5
3315 5
3316 5
3317 5
3318 5
3319 5
3320 5
3321 5
3322 5
3323 5
3324 5
3325 5
3326 5
3327 5
3328 7
3329 5
3330 5
3331 5
3332 5
3333 5
3334 5
3335 5
3336 5
3337 5
3338 5
3339 5
3340 5
3341 5
3342 5
3343 5
3344 5
3345 6
3346 5
3347 5
3348 5
3349 8
3350 5
3351 7
3352 8
3353 5
3354 5
3355 8
3356 5
3357 5
3358 5
3359 5
3360 5
3361 5
3362 5
3363 5
3364 5
3365 5
3366 11
3367 5
3368 5
3369 5
3370 5
3371 5
3372 5
3373 5
3374 5
3375 5
3376 5
3377 5
3378 5
3379 5
3380 5
3381 5
3382 7
3383 5
3384 8
3385 8
3386 5
3387 5
3388 5
3389 19
3390 5
3391 5
3392 5
3393 6
3394 8
3395 5
3396 5
3397 5
3398 5
3399 9
3400 5
3401 5
3402 5
3403 5
3404 5
3405 5
3406 7
3407 5
3408 7
3409 5
3410 5
3411 9
3412 6
3413 7
3414 11
3415 9
3416 6
3417 5
3418 5
3419 7
3420 5
3421 6
3422 11
3423 5
3424 6
3425 5
3426 5
3427 8
3428 5
3429 5
3430 5
3431 5
3432 5
3433 5
3434 6
3435 5
3436 5
3437 5
3438 5
3439 5
3440 5
3441 5
3442 5
3443 5
3444 5
3445 9
3446 8
3447 15
3448 8
3449 5
3450 5
3451 5
3452 7
3453 7
3454 5
3455 5
3456 5
3457 5
3458 5
3459 5
3460 5
3461 5
3462 5
3463 5
3464 5
3465 5
3466 5
3467 5
3468 5
3469 8
3470 10
3471 5
3472 5
3473 5
3474 5
3475 5
3476 5
3477 5
3478 5
3479 5
3480 5
3481 5
3482 5
3483 5
3484 5
3485 6
3486 5
3487 5
3488 5
3489 5
3490 5
3491 5
3492 7
3493 5
3494 5
3495 8
3496 5
3497 5
3498 5
3499 5
3500 5
3501 5
3502 5
3503 5
3504 5
3505 5
3506 5
3507 5
3508 5
3509 5
3510 5
3511 6
3512 10
3513 5
3514 5
3515 5
3516 5
3517 5
3518 5
3519 5
3520 5
3521 5
3522 5
3523 5
3524 9
3525 5
3526 7
3527 5
3528 5
3529 5
3530 5
3531 5
3532 5
3533 5
3534 5
3535 5
3536 5
3537 5
3538 5
3539 5
3540 5
3541 5
3542 5
3543 5
3544 5
3545 5
3546 5
3547 5
3548 5
3549 5
3550 12
3551 7
3552 5
3553 5
3554 7
3555 5
3556 5
3557 5
3558 5
3559 5
3560 5
3561 5
3562 5
3563 5
3564 5
3565 5
3566 5
3567 5
3568 6
3569 8
3570 5
3571 5
3572 5
3573 5
3574 5
3575 5
3576 5
3577 5
3578 5
3579 5
3580 5
3581 5
3582 5
3583 5
3584 5
3585 5
3586 5
3587 5
3588 5
3589 5
3590 5
3591 5
3592 5
3593 5
3594 5
3595 6
3596 7
3597 9
3598 5
3599 5
3600 5
3601 5
3602 8
3603 5
3604 5
3605 5
3606 11
3607 8
3608 5
3609 5
3610 5
3611 5
3612 5
3613 5
3614 5
3615 5
3616 5
3617 5
3618 5
3619 5
3620 5
3621 5
3622 5
3623 5
3624 5
3625 5
3626 5
3627 11
3628 5
3629 5
3630 5
3631 5
3632 9
3633 5
3634 5
3635 5
3636 5
3637 5
3638 5
3639 5
3640 5
3641 5
3642 5
3643 7
3644 8
3645 9
3646 5
3647 5
3648 5
3649 6
3650 5
3651 5
3652 5
3653 5
3654 5
3655 5
3656 5
3657 5
3658 5
3659 5
3660 5
3661 5
3662 5
3663 5
3664 5
3665 6
3666 5
3667 5
3668 5
3669 5
3670 5
3671 5
3672 5
3673 5
3674 5
3675 5
3676 5
3677 5
3678 5
3679 5
3680 7
3681 5
3682 5
3683 5
3684 5
3685 5
3686 5
3687 5
3688 5
3689 7
3690 5
3691 5
3692 5
3693 5
3694 5
3695 5
3696 5
3697 5
3698 5
3699 6
3700 6
3701 9
3702 5
3703 5
3704 5
3705 5
3706 7
3707 5
3708 8
3709 5
3710 5
3711 5
3712 5
3713 5
3714 5
3715 5
3716 5
3717 12
3718 9
3719 22
3720 14
3721 7
3722 6
3723 10
3724 14
3725 13
3726 11
3727 14
3728 6
3729 15
3730 5
3731 5
3732 11
3733 5
3734 5
3735 18
3736 10
3737 5
3738 14
3739 13
3740 6
3741 8
3742 5
3743 5
3744 7
3745 5
3746 10
3747 13
3748 5
3749 7
3750 5
3751 5
3752 8
3753 7
3754 6
3755 5
3756 5
3757 5
3758 5
3759 5
3760 5
3761 7
3762 6
3763 5
3764 5
3765 5
3766 5
3767 5
3768 5
3769 5
3770 5
3771 5
3772 5
3773 5
3774 5
3775 5
3776 5
3777 8
3778 8
3779 5
3780 5
3781 6
3782 5
3783 5
3784 5
3785 5
3786 5
3787 5
3788 5
3789 5
3790 5
3791 6
3792 5
3793 5
3794 5
3795 5
3796 5
3797 7
3798 5
3799 6
3800 6
3801 5
3802 5
3803 5
3804 5
3805 6
3806 5
3807 5
3808 5
3809 5
3810 5
3811 5
3812 5
3813 5
3814 5
3815 5
3816 9
3817 5
3818 5
3819 5
3820 5
3821 5
3822 5
3823 5
3824 5
3825 5
3826 11
3827 5
3828 5
3829 5
3830 6
3831 5
3832 5
3833 5
3834 6
3835 5
3836 5
3837 5
3838 5
3839 5
3840 5
3841 5
3842 5
3843 5
3844 5
3845 5
3846 5
3847 10
3848 5
3849 5
3850 6
3851 5
3852 5
3853 8
3854 8
3855 5
3856 5
3857 5
3858 5
3859 5
3860 5
3861 5
3862 6
3863 5
3864 5
3865 5
3866 5
3867 5
3868 5
3869 5
3870 5
3871 5
3872 5
3873 5
3874 5
3875 5
3876 5
3877 5
3878 5
3879 7
3880 5
3881 5
3882 5
3883 5
3884 5
3885 6
3886 5
3887 5
3888 5
3889 5
3890 5
3891 5
3892 5
3893 5
3894 5
3895 5
3896 5
3897 5
3898 8
3899 5
3900 5
3901 5
3902 5
3903 5
3904 5
3905 5
3906 5
3907 5
3908 5
3909 5
3910 5
3911 5
3912 5
3913 5
3914 5
3915 5
3916 5
3917 5
3918 5
3919 5
3920 5
3921 5
3922 5
3923 7
3924 10
3925 14
3926 11
3927 5
3928 10
3929 7
3930 13
3931 10
3932 5
3933 5
3934 6
3935 5
3936 6
3937 12
3938 5
3939 13
3940 13
3941 5
3942 5
3943 5
3944 5
3945 5
3946 5
3947 5
3948 5
3949 7
3950 5
3951 5
3952 5
3953 5
3954 5
3955 5
3956 5
3957 5
3958 5
3959 5
3960 5
3961 5
3962 10
3963 5
3964 5
3965 5
3966 5
3967 5
3968 10
3969 5
3970 8
3971 5
3972 5
3973 5
3974 5
3975 5
3976 5
3977 5
3978 5
3979 11
3980 7
3981 7
3982 6
3983 10
3984 10
3985 5
3986 7
3987 5
3988 7
3989 5
3990 5
3991 5
3992 5
3993 5
3994 5
3995 5
3996 5
3997 5
3998 5
3999 5
4000 5
4001 6
4002 9
4003 5
4004 5
4005 5
4006 7
4007 5
4008 5
4009 5
4010 5
4011 5
4012 5
4013 34
4014 6
4015 7
4016 5
4017 5
4018 5
4019 5
4020 5
4021 5
4022 5
4023 5
4024 5
4025 5
4026 5
4027 5
4028 5
4029 5
4030 7
4031 5
4032 5
4033 5
4034 5
4035 5
4036 5
4037 5
4038 5
4039 5
4040 5
4041 5
4042 5
4043 5
4044 5
4045 5
4046 5
4047 6
4048 6
4049 7
4050 5
4051 5
4052 5
4053 5
4054 5
4055 5
4056 5
4057 5
4058 5
4059 5
4060 8
4061 5
4062 5
4063 5
4064 5
4065 5
4066 5
4067 5
4068 5
4069 5
4070 5
4071 5
4072 5
4073 5
4074 5
4075 5
4076 5
4077 5
4078 5
4079 5
4080 5
4081 5
4082 5
4083 5
4084 5
4085 5
4086 5
4087 5
4088 5
4089 5
4090 5
4091 5
4092 5
4093 5
4094 5
4095 5
4096 5
4097 5
4098 5
4099 5
4100 5
4101 5
4102 5
4103 7
4104 5
4105 5
4106 5
4107 5
4108 5
4109 5
4110 5
4111 5
4112 5
4113 6
4114 5
4115 7
4116 9
4117 5
4118 13
4119 5
4120 11
4121 5
4122 15
4123 5
4124 5
4125 5
4126 5
4127 7
4128 6
4129 6
4130 8
4131 6
4132 6
4133 5
4134 5
4135 6
4136 5
4137 5
4138 5
4139 5
4140 5
4141 5
4142 5
4143 5
4144 7
4145 5
4146 8
4147 15
4148 6
4149 10
4150 11
4151 5
4152 9
4153 5
4154 8
4155 5
4156 5
4157 5
4158 5
4159 5
4160 5
4161 5
4162 5
4163 5
4164 5
4165 5
4166 5
4167 5
4168 5
4169 5
4170 36
4171 16
4172 5
4173 5
4174 5
4175 5
4176 5
4177 5
4178 5
4179 6
4180 5
4181 6
4182 7
4183 7
4184 7
4185 7
4186 6
4187 6
4188 5
4189 5
4190 5
4191 5
4192 5
4193 5
4194 5
4195 5
4196 5
4197 5
4198 5
4199 5
4200 5
4201 7
4202 11
4203 10
4204 5
4205 5
4206 6
4207 22
4208 14
4209 6
4210 7
4211 7
4212 7
4213 6
4214 5
4215 5
4216 5
4217 5
4218 5
4219 6
4220 5
4221 6
4222 5
4223 5
4224 5
4225 5
4226 5
4227 9
4228 5
4229 5
4230 5
4231 8
4232 9
4233 5
4234 5
4235 5
4236 5
4237 5
4238 5
4239 5
4240 5
4241 5
4242 5
4243 5
4244 5
4245 5
4246 5
4247 5
4248 5
4249 5
4250 5
4251 5
4252 5
4253 5
4254 5
4255 5
4256 5
4257 5
4258 5
4259 5
4260 5
4261 5
4262 5
4263 5
4264 5
4265 5
4266 5
4267 8
4268 8
4269 8
4270 7
4271 9
4272 6
4273 5
4274 5
4275 5
4276 5
4277 5
4278 5
4279 5
4280 5
4281 5
4282 5
4283 5
4284 5
4285 5
4286 5
4287 5
4288 5
4289 5
4290 5
4291 5
4292 5
4293 5
4294 6
4295 6
4296 6
4297 5
4298 5
4299 5
4300 5
4301 6
4302 9
4303 10
4304 5
4305 8
4306 6
4307 5
4308 6
4309 6
4310 5
4311 5
4312 11
4313 5
4314 5
4315 5
4316 5
4317 5
4318 5
4319 5
4320 7
4321 12
4322 6
4323 7
4324 9
4325 5
4326 6
4327 6
4328 6
4329 9
4330 5
4331 5
4332 8
4333 5
4334 5
4335 5
4336 5
4337 5
4338 5
4339 5
4340 5
4341 5
4342 6
4343 5
4344 5
4345 5
4346 5
4347 6
4348 5
4349 10
4350 6
4351 9
4352 5
4353 5
4354 5
4355 5
4356 5
4357 5
4358 5
4359 6
4360 7
4361 5
4362 6
4363 7
4364 5
4365 5
4366 5
4367 5
4368 5
4369 5
4370 5
4371 5
4372 5
4373 6
4374 5
4375 5
4376 5
4377 5
4378 5
4379 5
4380 5
4381 5
4382 5
4383 5
4384 5
4385 5
4386 5
4387 8
4388 5
4389 5
4390 5
4391 5
4392 5
4393 5
4394 5
4395 5
4396 5
4397 5
4398 5
4399 5
4400 5
4401 5
4402 5
4403 5
4404 10
4405 5
4406 5
4407 6
4408 5
4409 6
4410 5
4411 5
4412 5
4413 5
4414 5
4415 5
4416 5
4417 5
4418 5
4419 5
4420 5
4421 5
4422 5
4423 5
4424 5
4425 5
4426 5
4427 5
4428 5
4429 5
4430 5
4431 9
4432 5
4433 5
4434 5
4435 5
4436 5
4437 5
4438 5
4439 5
4440 5
4441 5
4442 5
4443 5
4444 5
4445 5
4446 5
4447 5
4448 5
4449 5
4450 5
4451 5
4452 5
4453 5
4454 8
4455 5
4456 5
4457 5
4458 5
4459 5
4460 5
4461 5
4462 5
4463 5
4464 5
4465 5
4466 5
4467 5
4468 5
4469 5
4470 5
4471 5
4472 5
4473 5
4474 5
4475 5
4476 5
4477 5
4478 5
4479 5
4480 5
4481 5
4482 5
4483 5
4484 5
4485 5
4486 5
4487 5
4488 5
4489 5
4490 5
4491 5
4492 5
4493 5
4494 5
4495 5
4496 5
4497 5
4498 5
4499 5
4500 7
4501 5
4502 5
4503 5
4504 5
4505 5
4506 5
4507 5
4508 8
4509 5
4510 5
4511 5
4512 5
4513 5
4514 5
4515 5
4516 5
4517 5
4518 5
4519 5
4520 5
4521 5
4522 5
4523 7
4524 5
4525 6
4526 5
4527 5
4528 5
4529 5
4530 5
4531 5
4532 5
4533 5
4534 5
4535 5
4536 5
4537 5
4538 5
4539 5
4540 5
4541 5
4542 5
4543 15
4544 5
4545 5
4546 5
4547 5
4548 5
4549 5
4550 6
4551 5
4552 5
4553 5
4554 5
4555 6
4556 14
4557 6
4558 6
4559 6
4560 7
4561 5
4562 6
4563 5
4564 5
4565 5
4566 5
4567 5
4568 5
4569 5
4570 5
4571 5
4572 5
4573 5
4574 5
4575 5
4576 5
4577 5
4578 5
4579 5
4580 5
4581 6
4582 9
4583 13
4584 5
4585 5
4586 5
4587 5
4588 5
4589 5
4590 5
4591 5
4592 6
4593 5
4594 5
4595 5
4596 5
4597 5
4598 5
4599 5
4600 5
4601 5
4602 5
4603 5
4604 15
4605 9
4606 7
4607 6
4608 15
4609 6
4610 7
4611 5
4612 6
4613 6
4614 5
4615 5
4616 5
4617 5
4618 5
4619 5
4620 5
4621 5
4622 5
4623 5
4624 5
4625 5
4626 5
4627 5
4628 5
4629 5
4630 5
4631 5
4632 5
4633 5
4634 5
4635 5
4636 5
4637 5
4638 5
4639 5
4640 5
4641 5
4642 5
4643 5
4644 5
4645 5
4646 5
4647 5
4648 5
4649 5
4650 8
4651 6
4652 8
4653 5
4654 8
4655 6
4656 5
4657 5
4658 6
4659 5
4660 5
4661 5
4662 5
4663 5
4664 5
4665 5
4666 5
4667 5
4668 5
4669 5
4670 5
4671 5
4672 5
4673 5
4674 5
4675 5
4676 5
4677 5
4678 5
4679 5
4680 5
4681 5
4682 5
4683 5
4684 7
4685 5
4686 6
4687 5
4688 5
4689 5
4690 5
4691 5
4692 5
4693 5
4694 5
4695 7
4696 5
4697 5
4698 5
4699 5
4700 5
4701 5
4702 5
4703 5
4704 7
4705 5
4706 6
4707 5
4708 5
4709 12
4710 5
4711 5
4712 5
4713 5
4714 5
4715 8
4716 5
4717 5
4718 6
4719 5
4720 5
4721 5
4722 5
4723 5
4724 5
4725 5
4726 5
4727 5
4728 5
4729 5
4730 5
4731 5
4732 5
4733 5
4734 5
4735 5
4736 5
4737 5
4738 5
4739 5
4740 5
4741 7
4742 5
4743 5
4744 5
4745 5
4746 5
4747 5
4748 5
4749 6
4750 10
4751 5
4752 5
4753 5
4754 5
4755 10
4756 5
4757 5
4758 5
4759 5
4760 5
4761 5
4762 5
4763 5
4764 5
4765 5
4766 5
4767 5
4768 5
4769 5
4770 5
4771 5
4772 5
4773 5
4774 5
4775 5
4776 5
4777 5
4778 5
4779 5
4780 5
4781 5
4782 5
4783 5
4784 5
4785 5
4786 5
4787 7
4788 5
4789 5
4790 5
4791 5
4792 5
4793 5
4794 5
4795 5
4796 5
4797 5
4798 5
4799 5
4800 5
4801 5
4802 5
4803 5
4804 5
4805 5
4806 5
4807 5
4808 5
4809 5
4810 5
4811 5
4812 6
4813 5
4814 5
4815 5
4816 5
4817 5
4818 5
4819 5
4820 5
4821 5
4822 5
4823 5
4824 5
4825 5
4826 5
4827 5
4828 8
4829 6
4830 6
4831 8
4832 7
4833 5
4834 5
4835 5
4836 5
4837 5
4838 5
4839 5
4840 5
4841 5
4842 5
4843 5
4844 5
4845 5
4846 5
4847 6
4848 5
4849 7
4850 7
4851 7
4852 5
4853 6
4854 6
4855 5
4856 5
4857 6
4858 5
4859 5
4860 9
4861 5
4862 5
4863 5
4864 5
4865 6
4866 5
4867 5
4868 5
4869 5
4870 5
4871 5
4872 5
4873 5
4874 5
4875 5
4876 5
4877 5
4878 5
4879 5
4880 5
4881 5
4882 5
4883 5
4884 5
4885 7
4886 5
4887 5
4888 5
4889 5
4890 5
4891 5
4892 5
4893 5
4894 5
4895 5
4896 5
4897 5
4898 5
4899 5
4900 5
4901 5
4902 5
4903 5
4904 5
4905 5
4906 5
4907 5
4908 5
4909 5
4910 5
4911 5
4912 7
4913 5
4914 5
4915 6
4916 5
4917 5
4918 5
4919 5
4920 5
4921 5
4922 5
4923 5
4924 5
4925 5
4926 5
4927 5
4928 5
4929 5
4930 5
4931 5
4932 5
4933 5
4934 5
4935 5
4936 5
4937 5
4938 5
4939 5
4940 5
4941 5
4942 5
4943 5
4944 5
4945 5
4946 5
4947 5
4948 5
4949 5
4950 5
4951 5
4952 5
4953 5
4954 5
4955 5
4956 5
4957 5
4958 5
4959 5
4960 5
4961 5
4962 5
4963 5
4964 5
4965 5
4966 11
4967 5
4968 5
4969 5
4970 5
4971 5
4972 5
4973 5
4974 5
4975 5
4976 5
4977 5
4978 5
4979 5
4980 5
4981 5
4982 5
4983 5
4984 5
4985 5
4986 5
4987 5
4988 5
4989 5
4990 5
4991 5
4992 5
4993 5
4994 5
4995 5
4996 5
4997 6
4998 5
4999 5
5000 5
5001 5
5002 5
5003 5
5004 5
5005 5
5006 5
5007 5
5008 7
5009 5
5010 5
5011 5
5012 5
5013 5
5014 5
5015 5
5016 5
5017 5
5018 5
5019 5
5020 5
5021 12
5022 5
5023 5
5024 5
5025 5
5026 5
5027 6
5028 5
5029 5
5030 5
5031 5
5032 5
5033 5
5034 5
5035 5
5036 5
5037 5
5038 8
5039 6
5040 5
5041 5
5042 5
5043 5
5044 5
5045 5
5046 5
5047 5
5048 5
5049 5
5050 5
5051 5
5052 15
5053 11
5054 5
5055 14
5056 9
5057 7
5058 6
5059 7
5060 8
5061 5
5062 6
5063 5
5064 5
5065 5
5066 11
5067 9
5068 7
5069 5
5070 6
5071 6
5072 5
5073 5
5074 5
5075 5
5076 5
5077 6
5078 5
5079 5
5080 5
5081 5
5082 5
5083 5
5084 5
5085 5
5086 5
5087 6
5088 5
5089 5
5090 5
5091 5
5092 5
5093 5
5094 5
5095 5
5096 5
5097 16
5098 8
5099 7
5100 9
5101 5
5102 6
5103 5
5104 5
5105 5
5106 5
5107 5
5108 5
5109 5
5110 5
5111 6
5112 5
5113 5
5114 5
5115 5
5116 5
5117 5
5118 5
5119 5
5120 5
5121 6
5122 5
5123 5
5124 5
5125 5
5126 5
5127 5
5128 5
5129 5
5130 5
5131 5
5132 5
5133 5
5134 5
5135 5
5136 5
5137 5
5138 5
5139 5
5140 5
5141 5
5142 5
5143 9
5144 5
5145 5
5146 5
5147 8
5148 6
5149 5
5150 5
5151 5
5152 5
5153 7
5154 5
5155 5
5156 16
5157 5
5158 5
5159 5
5160 5
5161 5
5162 5
5163 5
5164 5
5165 5
5166 5
5167 5
5168 6
5169 5
5170 5
5171 5
5172 5
5173 5
5174 5
5175 5
5176 5
5177 5
5178 5
5179 5
5180 5
5181 5
5182 5
5183 5
5184 5
5185 5
5186 5
5187 5
5188 5
5189 5
5190 5
5191 5
5192 5
5193 5
5194 5
5195 5
5196 5
5197 5
5198 5
5199 5
5200 5
5201 5
5202 5
5203 5
5204 5
5205 5
5206 5
5207 5
5208 5
5209 5
5210 5
5211 5
5212 5
5213 5
5214 5
5215 5
5216 10
5217 5
5218 5
5219 5
5220 5
5221 5
5222 5
5223 5
5224 5
5225 5
5226 5
5227 5
5228 5
5229 5
5230 5
5231 5
5232 5
5233 5
5234 5
5235 5
5236 5
5237 5
5238 5
5239 5
5240 5
5241 5
5242 5
5243 5
5244 7
5245 10
5246 6
5247 5
5248 5
5249 5
5250 5
5251 5
5252 5
5253 5
5254 5
5255 6
5256 5
5257 5
5258 6
5259 5
5260 5
5261 5
5262 5
5263 5
5264 5
5265 5
5266 5
5267 5
5268 5
5269 5
5270 5
5271 5
5272 5
5273 6
5274 6
5275 6
5276 5
5277 6
5278 5
5279 7
5280 6
5281 5
5282 5
5283 5
5284 5
5285 5
5286 5
5287 5
5288 5
5289 5
5290 5
5291 5
5292 5
5293 13
5294 5
5295 5
5296 5
5297 5
5298 5
5299 5
5300 5
5301 5
5302 5
5303 5
5304 5
5305 5
5306 5
5307 5
5308 5
5309 5
5310 5
5311 5
5312 5
5313 5
5314 6
5315 5
5316 5
5317 5
5318 5
5319 5
5320 5
5321 5
5322 5
5323 5
5324 5
5325 5
5326 5
5327 5
5328 5
5329 5
5330 5
5331 5
5332 5
5333 5
5334 5
5335 5
5336 5
5337 5
5338 5
5339 7
5340 5
5341 5
5342 5
5343 6
5344 5
5345 7
5346 5
5347 5
5348 5
5349 12
5350 5
5351 5
5352 5
5353 5
5354 5
5355 5
5356 5
5357 5
5358 5
5359 5
5360 5
5361 5
5362 5
5363 5
5364 10
5365 5
5366 5
5367 5
5368 5
5369 5
5370 5
5371 5
5372 5
5373 5
5374 5
5375 5
5376 5
5377 5
5378 5
5379 5
5380 5
5381 5
5382 5
5383 5
5384 5
5385 5
5386 5
5387 5
5388 5
5389 5
5390 5
5391 5
5392 7
5393 5
5394 5
5395 5
5396 5
5397 5
5398 5
5399 5
5400 5
5401 5
5402 5
5403 5
5404 5
5405 5
5406 5
5407 5
5408 5
5409 5
5410 5
5411 6
5412 5
5413 5
5414 5
5415 5
5416 5
5417 5
5418 5
5419 5
5420 5
5421 5
5422 5
5423 5
5424 5
5425 5
5426 5
5427 5
5428 5
5429 5
5430 5
5431 5
5432 5
5433 6
5434 5
5435 5
5436 5
5437 5
5438 5
5439 5
5440 5
5441 6
5442 5
5443 5
5444 5
5445 5
5446 5
5447 5
5448 8
5449 6
5450 5
5451 5
5452 6
5453 7
5454 5
5455 5
5456 5
5457 5
5458 5
5459 5
5460 5
5461 5
5462 5
5463 5
5464 5
5465 5
5466 5
5467 5
5468 5
5469 5
5470 5
5471 5
5472 5
5473 5
5474 5
5475 5
5476 5
5477 5
5478 5
5479 5
5480 5
5481 5
5482 5
5483 5
5484 5
5485 5
5486 5
5487 5
5488 5
5489 5
5490 5
5491 5
5492 5
5493 5
5494 5
5495 5
5496 5
5497 5
5498 5
5499 5
5500 5
5501 5
5502 5
5503 5
5504 5
5505 5
5506 5
5507 5
5508 5
5509 5
5510 7
5511 5
5512 5
5513 5
5514 5
5515 5
5516 5
5517 5
5518 5
5519 5
5520 6
5521 9
5522 5
5523 5
5524 5
5525 5
5526 5
5527 5
5528 5
5529 5
5530 5
5531 5
5532 5
5533 5
5534 5
5535 5
5536 5
5537 5
5538 5
5539 5
5540 5
5541 5
5542 5
5543 5
5544 5
5545 5
5546 5
5547 5
5548 5
5549 5
5550 5
5551 5
5552 5
5553 5
5554 5
5555 5
5556 5
5557 12
5558 5
5559 5
5560 5
5561 5
5562 5
5563 5
5564 5
5565 5
5566 5
5567 5
5568 5
5569 5
5570 5
5571 5
5572 5
5573 5
5574 5
5575 5
5576 5
5577 5
5578 5
5579 5
5580 5
5581 5
5582 5
5583 5
5584 5
5585 5
5586 7
5587 5
5588 5
5589 5
5590 5
5591 5
5592 5
5593 5
5594 5
5595 5
5596 6
5597 8
5598 5
5599 5
5600 5
5601 5
5602 5
5603 5
5604 5
5605 5
5606 5
5607 5
5608 5
5609 5
5610 5
5611 6
5612 6
5613 9
5614 5
5615 5
5616 5
5617 5
5618 5
5619 5
5620 6
5621 5
5622 5
5623 6
5624 5
5625 5
5626 5
5627 5
5628 5
5629 5
5630 5
5631 5
5632 5
5633 5
5634 5
5635 5
5636 5
5637 5
5638 5
5639 5
5640 5
5641 5
5642 5
5643 5
5644 5
5645 5
5646 5
5647 5
5648 5
5649 5
5650 5
5651 5
5652 6
5653 5
5654 5
5655 5
5656 5
5657 5
5658 5
5659 5
5660 6
5661 5
5662 5
5663 5
5664 5
5665 5
5666 7
5667 8
5668 5
5669 6
5670 6
5671 6
5672 5
5673 5
5674 5
5675 5
5676 5
5677 5
5678 5
5679 5
5680 5
5681 5
5682 5
5683 5
5684 5
5685 5
5686 5
5687 5
5688 5
5689 5
5690 5
5691 5
5692 5
5693 5
5694 5
5695 5
5696 5
5697 7
5698 5
5699 5
5700 5
5701 5
5702 5
5703 5
5704 5
5705 5
5706 5
5707 5
5708 5
5709 5
5710 5
5711 5
5712 7
5713 5
5714 5
5715 5
5716 7
5717 5
5718 5
5719 5
5720 5
5721 5
5722 5
5723 5
5724 5
5725 5
5726 5
5727 6
5728 6
5729 6
5730 5
5731 5
5732 6
5733 5
5734 5
5735 5
5736 5
5737 10
5738 5
5739 5
5740 5
5741 5
5742 5
5743 5
5744 5
5745 5
5746 5
5747 15
5748 5
5749 6
5750 5
5751 5
5752 5
5753 5
5754 5
5755 5
5756 5
5757 5
5758 5
5759 9
5760 5
5761 5
5762 8
5763 5
5764 6
5765 5
5766 5
5767 10
5768 6
5769 5
5770 5
5771 12
5772 12
5773 11
5774 6
5775 7
5776 7
5777 7
5778 5
5779 13
5780 7
5781 11
5782 8
5783 8
5784 5
5785 5
5786 6
5787 7
5788 5
5789 5
5790 5
5791 5
5792 5
5793 5
5794 5
5795 7
5796 5
5797 5
5798 5
5799 5
5800 7
5801 5
5802 6
5803 6
5804 5
5805 8
5806 5
5807 5
5808 5
5809 5
5810 5
5811 5
5812 5
5813 5
5814 5
5815 5
5816 5
5817 5
5818 5
5819 8
5820 5
5821 5
5822 5
5823 5
5824 5
5825 5
5826 5
5827 5
5828 5
5829 5
5830 5
5831 5
5832 5
5833 5
5834 5
5835 5
5836 5
5837 5
5838 5
5839 5
5840 5
5841 5
5842 5
5843 5
5844 5
5845 5
5846 6
5847 15
5848 8
5849 5
5850 5
5851 9
5852 8
5853 5
5854 8
5855 9
5856 5
5857 5
5858 6
5859 7
5860 5
5861 5
5862 5
5863 5
5864 5
5865 5
5866 5
5867 5
5868 5
5869 5
5870 5
5871 5
5872 5
5873 5
5874 5
5875 5
5876 5
5877 5
5878 5
5879 5
5880 5
5881 5
5882 5
5883 5
5884 5
5885 5
5886 5
5887 5
5888 5
5889 5
5890 5
5891 5
5892 5
5893 5
5894 5
5895 5
5896 9
5897 5
5898 5
5899 5
5900 5
5901 5
5902 5
5903 5
5904 5
5905 5
5906 5
5907 5
5908 5
5909 5
5910 5
5911 5
5912 5
5913 5
5914 5
5915 5
5916 5
5917 5
5918 5
5919 5
5920 5
5921 5
5922 5
5923 5
5924 5
5925 5
5926 5
5927 5
5928 5
5929 5
5930 5
5931 5
5932 5
5933 5
5934 5
5935 7
5936 5
5937 5
5938 5
5939 5
5940 5
5941 5
5942 5
5943 5
5944 5
5945 5
5946 5
5947 5
5948 5
5949 5
5950 5
5951 5
5952 5
5953 5
5954 5
5955 5
5956 5
5957 5
5958 5
5959 5
5960 5
5961 5
5962 5
5963 5
5964 5
5965 5
5966 5
5967 5
5968 5
5969 5
5970 5
5971 5
5972 5
5973 5
5974 5
5975 5
5976 5
5977 5
5978 5
5979 5
5980 5
5981 5
5982 5
5983 5
5984 6
5985 7
5986 7
5987 5
5988 5
5989 5
5990 5
5991 5
5992 5
5993 5
5994 5
5995 5
5996 5
5997 5
5998 5
5999 5
6000 5
6001 5
6002 5
6003 5
6004 5
6005 5
6006 5
6007 5
6008 5
6009 5
6010 5
6011 5
6012 5
6013 5
6014 5
6015 5
6016 6
6017 5
6018 5
6019 5
6020 5
6021 5
6022 5
6023 5
6024 5
6025 5
6026 5
6027 5
6028 5
6029 5
6030 5
6031 5
6032 5
6033 5
6034 5
6035 5
6036 5
6037 5
6038 5
6039 5
6040 5
6041 5
6042 5
6043 5
6044 5
6045 5
6046 5
6047 5
6048 5
6049 5
6050 5
6051 5
6052 5
6053 5
6054 5
6055 5
6056 5
6057 5
6058 5
6059 5
6060 6
6061 5
6062 5
6063 5
6064 5
6065 5
6066 5
6067 7
6068 5
6069 6
6070 5
6071 5
6072 5
6073 5
6074 5
6075 5
6076 5
6077 5
6078 5
6079 6
6080 5
6081 5
6082 5
6083 5
6084 5
6085 5
6086 5
6087 5
6088 5
6089 5
6090 5
6091 5
6092 5
6093 5
6094 5
6095 5
6096 5
6097 5
6098 5
6099 5
6100 5
6101 5
6102 5
6103 5
6104 5
6105 8
6106 10
6107 5
6108 17
6109 12
6110 7
6111 5
6112 6
6113 8
6114 5
6115 14
6116 6
6117 5
6118 6
6119 5
6120 5
6121 5
6122 5
6123 6
6124 5
6125 10
6126 9
6127 8
6128 5
6129 5
6130 5
6131 5
6132 5
6133 5
6134 5
6135 5
6136 5
6137 5
6138 9
6139 11
6140 6
6141 5
6142 5
6143 5
6144 5
6145 5
6146 5
6147 5
6148 5
6149 5
6150 5
6151 5
6152 5
6153 5
6154 5
6155 5
6156 5
6157 11
6158 5
6159 5
6160 5
6161 5
6162 5
6163 5
6164 5
6165 5
6166 5
6167 5
6168 5
6169 5
6170 5
6171 5
6172 5
6173 5
6174 5
6175 5
6176 5
6177 5
6178 5
6179 5
6180 5
6181 5
6182 5
6183 5
6184 5
6185 5
6186 9
6187 9
6188 6
6189 9
6190 7
6191 9
6192 6
6193 5
6194 5
6195 5
6196 5
6197 5
6198 5
6199 5
6200 5
6201 5
6202 5
6203 5
6204 5
6205 5
6206 5
6207 5
6208 5
6209 5
6210 5
6211 5
6212 5
6213 5
6214 5
6215 5
6216 5
6217 5
6218 5
6219 5
6220 5
6221 5
6222 5
6223 5
6224 5
6225 5
6226 5
6227 5
6228 5
6229 5
6230 5
6231 5
6232 5
6233 5
6234 5
6235 5
6236 5
6237 5
6238 5
6239 5
6240 5
6241 5
6242 10
6243 6
6244 7
6245 16
6246 8
6247 7
6248 7
6249 8
6250 5
6251 5
6252 5
6253 5
6254 5
6255 5
6256 5
6257 5
6258 5
6259 5
6260 5
6261 5
6262 5
6263 5
6264 6
6265 5
6266 5
6267 5
6268 5
6269 5
6270 5
6271 10
6272 5
6273 5
6274 5
6275 5
6276 5
6277 5
6278 5
6279 5
6280 5
6281 5
6282 5
6283 5
6284 5
6285 5
6286 6
6287 5
6288 5
6289 5
6290 5
6291 5
6292 5
6293 5
6294 5
6295 5
6296 5
6297 5
6298 7
6299 5
6300 5
6301 5
6302 5
6303 5
6304 5
6305 5
6306 5
6307 5
6308 5
6309 5
6310 5
6311 5
6312 6
6313 5
6314 5
6315 5
6316 6
6317 5
6318 7
6319 5
6320 5
6321 5
6322 5
6323 5
6324 5
6325 5
6326 5
6327 5
6328 5
6329 5
6330 5
6331 5
6332 5
6333 5
6334 5
6335 5
6336 5
6337 5
6338 5
6339 5
6340 5
6341 5
6342 5
6343 5
6344 5
6345 5
6346 6
6347 6
6348 5
6349 5
6350 5
6351 5
6352 5
6353 5
6354 5
6355 5
6356 5
6357 5
6358 5
6359 5
6360 5
6361 5
6362 7
6363 5
6364 5
6365 5
6366 5
6367 5
6368 5
6369 5
6370 5
6371 5
6372 5
6373 5
6374 5
6375 5
6376 5
6377 5
6378 5
6379 5
6380 5
6381 5
6382 5
6383 5
6384 5
6385 5
6386 5
6387 5
6388 5
6389 5
6390 5
6391 5
6392 5
6393 5
6394 5
6395 5
6396 5
6397 5
6398 5
6399 5
6400 5
6401 5
6402 5
6403 5
6404 5
6405 5
6406 5
6407 5
6408 5
6409 5
6410 5
6411 5
6412 5
6413 5
6414 5
6415 5
6416 5
6417 5
6418 5
6419 5
6420 5
6421 5
6422 5
6423 5
6424 5
6425 5
6426 5
6427 5
6428 5
6429 5
6430 5
6431 5
6432 5
6433 5
6434 5
6435 5
6436 6
6437 5
6438 8
6439 8
6440 5
6441 5
6442 5
6443 5
6444 5
6445 5
6446 5
6447 5
6448 5
6449 5
6450 5
6451 5
6452 5
6453 5
6454 5
6455 5
6456 8
6457 5
6458 6
6459 5
6460 5
6461 5
6462 5
6463 5
6464 5
6465 5
6466 5
6467 5
6468 5
6469 5
6470 5
6471 5
6472 5
6473 5
6474 5
6475 5
6476 5
6477 5
6478 5
6479 5
6480 5
6481 5
6482 5
6483 5
6484 5
6485 5
6486 5
6487 5
6488 5
6489 5
6490 5
6491 5
6492 5
6493 5
6494 5
6495 5
6496 5
6497 5
6498 5
6499 5
6500 5
6501 7
6502 5
6503 5
6504 5
6505 5
6506 5
6507 5
6508 5
6509 5
6510 5
6511 5
6512 5
6513 5
6514 5
6515 5
6516 5
6517 5
6518 5
6519 5
6520 5
6521 22
6522 5
6523 5
6524 5
6525 5
6526 5
6527 5
6528 6
6529 5
6530 5
6531 5
6532 9
6533 5
6534 5
6535 5
6536 5
6537 5
6538 5
6539 5
6540 5
6541 5
6542 5
6543 5
6544 5
6545 5
6546 5
6547 5
6548 5
6549 5
6550 5
6551 5
6552 5
6553 5
6554 5
6555 5
6556 5
6557 5
6558 5
6559 5
6560 5
6561 5
6562 5
6563 5
6564 5
6565 5
6566 5
6567 6
6568 5
6569 6
6570 5
6571 6
6572 5
6573 5
6574 5
6575 5
6576 5
6577 5
6578 5
6579 5
6580 5
6581 5
6582 9
6583 5
6584 5
6585 5
6586 5
6587 5
6588 5
6589 5
6590 8
6591 5
6592 5
6593 5
6594 5
6595 5
6596 5
6597 5
6598 5
6599 5
6600 5
6601 5
6602 5
6603 5
6604 5
6605 5
6606 5
6607 5
6608 6
6609 7
6610 5
6611 5
6612 5
6613 5
6614 5
6615 5
6616 5
6617 5
6618 5
6619 5
6620 5
6621 5
6622 5
6623 5
6624 6
6625 5
6626 5
6627 5
6628 5
6629 5
6630 5
6631 5
6632 5
6633 5
6634 7
6635 5
6636 5
6637 5
6638 14
6639 5
6640 5
6641 5
6642 5
6643 5
6644 5
6645 5
6646 5
6647 5
6648 9
6649 5
6650 5
6651 5
6652 6
6653 7
6654 5
6655 5
6656 5
6657 5
6658 5
6659 5
6660 5
6661 5
6662 5
6663 5
6664 5
6665 5
6666 5
6667 5
6668 5
6669 5
6670 5
6671 5
6672 5
6673 5
6674 5
6675 5
6676 5
6677 5
6678 5
6679 5
6680 5
6681 5
6682 5
6683 5
6684 5
6685 13
6686 8
6687 5
6688 5
6689 5
6690 5
6691 5
6692 5
6693 5
6694 5
6695 5
6696 5
6697 5
6698 5
6699 5
6700 5
6701 5
6702 5
6703 5
6704 5
6705 5
6706 5
6707 5
6708 5
6709 5
6710 5
6711 5
6712 5
6713 5
6714 5
6715 5
6716 5
6717 5
6718 5
6719 5
6720 5
6721 5
6722 5
6723 5
6724 5
6725 5
6726 5
6727 5
6728 5
6729 5
6730 5
6731 5
6732 5
6733 5
6734 7
6735 5
6736 5
6737 6
6738 5
6739 5
6740 5
6741 5
6742 5
6743 5
6744 5
6745 5
6746 10
6747 5
6748 5
6749 5
6750 5
6751 5
6752 6
6753 5
6754 5
6755 5
6756 5
6757 5
6758 5
6759 5
6760 5
6761 5
6762 5
6763 5
6764 5
6765 5
6766 6
6767 5
6768 5
6769 5
6770 5
6771 5
6772 5
6773 5
6774 5
6775 5
6776 5
6777 5
6778 5
6779 5
6780 5
6781 5
6782 5
6783 5
6784 5
6785 5
6786 5
6787 5
6788 5
6789 5
6790 5
6791 5
6792 5
6793 5
6794 5
6795 5
6796 5
6797 5
6798 5
6799 5
6800 7
6801 5
6802 5
6803 5
6804 5
6805 5
6806 12
6807 11
6808 5
6809 5
6810 5
6811 5
6812 5
6813 5
6814 5
6815 5
6816 5
6817 5
6818 5
6819 5
6820 5
6821 5
6822 5
6823 10
6824 6
6825 5
6826 5
6827 5
6828 5
6829 5
6830 5
6831 7
6832 6
6833 8
6834 8
6835 5
6836 8
6837 5
6838 5
6839 5
6840 5
6841 5
6842 5
6843 5
6844 5
6845 5
6846 5
6847 5
6848 5
6849 5
6850 5
6851 5
6852 5
6853 5
6854 5
6855 5
6856 5
6857 5
6858 5
6859 5
6860 5
6861 5
6862 5
6863 5
6864 5
6865 7
6866 5
6867 5
6868 5
6869 5
6870 5
6871 5
6872 5
6873 5
6874 5
6875 6
6876 5
6877 5
6878 5
6879 5
6880 5
6881 5
6882 5
6883 5
6884 5
6885 5
6886 5
6887 5
6888 5
6889 5
6890 5
6891 5
6892 5
6893 5
6894 5
6895 5
6896 5
6897 5
6898 5
6899 5
6900 5
6901 5
6902 5
6903 6
6904 5
6905 5
6906 6
6907 5
6908 5
6909 5
6910 5
6911 5
6912 5
6913 5
6914 5
6915 5
6916 5
6917 5
6918 5
6919 5
6920 5
6921 5
6922 5
6923 5
6924 5
6925 5
6926 5
6927 5
6928 5
6929 5
6930 5
6931 5
6932 5
6933 5
6934 5
6935 5
6936 5
6937 5
6938 5
6939 5
6940 5
6941 5
6942 5
6943 5
6944 5
6945 5
6946 5
6947 5
6948 5
6949 5
6950 5
6951 5
6952 7
6953 5
6954 5
6955 5
6956 5
6957 7
6958 5
6959 5
6960 5
6961 5
6962 5
6963 5
6964 5
6965 5
6966 5
6967 11
6968 7
6969 6
6970 5
6971 5
6972 5
6973 5
6974 5
6975 5
6976 5
6977 5
6978 5
6979 5
6980 5
6981 5
6982 5
6983 5
6984 5
6985 5
6986 5
6987 5
6988 5
6989 5
6990 5
6991 5
6992 5
6993 5
6994 5
6995 5
6996 5
6997 5
6998 12
6999 5
7000 5
7001 5
7002 5
7003 5
7004 5
7005 5
7006 5
7007 5
7008 5
7009 5
7010 5
7011 5
7012 5
7013 5
7014 5
7015 5
7016 5
7017 5
7018 5
7019 5
7020 5
7021 5
7022 5
7023 5
7024 5
7025 5
7026 5
7027 5
7028 5
7029 5
7030 5
7031 5
7032 5
7033 5
7034 5
7035 5
7036 5
7037 5
7038 5
7039 5
7040 5
7041 5
7042 5
7043 5
7044 5
7045 5
7046 5
7047 5
7048 5
7049 5
7050 5
7051 5
7052 5
7053 5
7054 5
7055 5
7056 5
7057 5
7058 5
7059 5
7060 5
7061 5
7062 5
7063 5
7064 5
7065 5
7066 12
7067 5
7068 5
7069 5
7070 5
7071 5
7072 5
7073 5
7074 8
7075 5
7076 5
7077 5
7078 5
7079 5
7080 5
7081 5
7082 5
7083 5
7084 5
7085 5
7086 5
7087 5
7088 5
7089 5
7090 5
7091 5
7092 5
7093 5
7094 5
7095 5
7096 10
7097 5
7098 5
7099 5
7100 5
7101 5
7102 5
7103 5
7104 5
7105 5
7106 5
7107 5
7108 5
7109 5
7110 9
7111 7
7112 5
7113 7
7114 5
7115 5
7116 5
7117 5
7118 5
7119 5
7120 5
7121 5
7122 5
7123 5
7124 5
7125 5
7126 5
7127 5
7128 6
7129 5
7130 5
7131 5
7132 5
7133 5
7134 5
7135 5
7136 5
7137 5
7138 5
7139 5
7140 5
7141 5
7142 5
7143 7
7144 6
7145 5
7146 5
7147 5
7148 5
7149 5
7150 5
7151 5
7152 5
7153 5
7154 5
7155 7
7156 7
7157 5
7158 6
7159 5
7160 5
7161 5
7162 5
7163 5
7164 5
7165 5
7166 5
7167 5
7168 5
7169 5
7170 5
7171 5
7172 5
7173 5
7174 5
7175 5
7176 5
7177 5
7178 5
7179 5
7180 5
7181 5
7182 5
7183 5
7184 5
7185 5
7186 5
7187 5
7188 5
7189 5
7190 5
7191 5
7192 5
7193 5
7194 5
7195 5
7196 5
7197 5
7198 5
7199 6
7200 5
7201 5
7202 5
7203 5
7204 5
7205 5
7206 15
7207 11
7208 12
7209 5
7210 8
7211 14
7212 17
7213 5
7214 8
7215 11
7216 12
7217 9
7218 12
7219 19
7220 14
7221 17
7222 6
7223 15
7224 16
7225 23
7226 5
7227 6
7228 5
7229 5
7230 5
7231 7
7232 5
7233 5
7234 5
7235 5
7236 5
7237 5
7238 5
7239 5
7240 5
7241 5
7242 5
7243 5
7244 5
7245 5
7246 5
7247 5
7248 5
7249 5
7250 5
7251 5
7252 5
7253 5
7254 5
7255 5
7256 5
7257 5
7258 5
7259 5
7260 5
7261 5
7262 5
7263 5
7264 5
7265 5
7266 5
7267 5
7268 5
7269 5
7270 5
7271 6
7272 5
7273 5
7274 5
7275 5
7276 5
7277 5
7278 9
7279 5
7280 5
7281 5
7282 5
7283 5
7284 5
7285 5
7286 5
7287 5
7288 5
7289 5
7290 5
7291 5
7292 7
7293 5
7294 5
7295 5
7296 5
7297 5
7298 5
7299 5
7300 5
7301 5
7302 5
7303 5
7304 5
7305 5
7306 5
7307 5
7308 5
7309 5
7310 5
7311 5
7312 5
7313 5
7314 5
7315 10
7316 5
7317 5
7318 5
7319 5
7320 5
7321 5
7322 5
7323 5
7324 5
7325 5
7326 5
7327 5
7328 5
7329 5
7330 5
7331 5
7332 7
7333 5
7334 5
7335 5
7336 9
7337 6
7338 5
7339 5
7340 5
7341 5
7342 5
7343 5
7344 5
7345 5
7346 6
7347 5
7348 5
7349 7
7350 5
7351 8
7352 5
7353 5
7354 5
7355 5
7356 5
7357 5
7358 5
7359 5
7360 5
7361 5
7362 5
7363 5
7364 5
7365 5
7366 5
7367 5
7368 5
7369 5
7370 5
7371 5
7372 5
7373 5
7374 5
7375 5
7376 5
7377 5
7378 5
7379 5
7380 5
7381 9
7382 5
7383 5
7384 5
7385 5
7386 8
7387 5
7388 5
7389 5
7390 5
7391 5
7392 5
7393 5
7394 5
7395 5
7396 5
7397 5
7398 5
7399 5
7400 5
7401 5
7402 5
7403 5
7404 6
7405 5
7406 5
7407 5
7408 5
7409 5
7410 5
7411 5
7412 5
7413 5
7414 5
7415 5
7416 5
7417 5
7418 5
7419 5
7420 5
7421 5
7422 5
7423 5
7424 5
7425 5
7426 5
7427 5
7428 5
7429 5
7430 5
7431 5
7432 5
7433 5
7434 5
7435 5
7436 5
7437 5
7438 5
7439 5
7440 5
7441 5
7442 5
7443 5
7444 5
7445 5
7446 6
7447 5
7448 8
7449 6
7450 9
7451 5
7452 5
7453 5
7454 5
7455 5
7456 5
7457 5
7458 5
7459 5
7460 5
7461 5
7462 5
7463 5
7464 5
7465 5
7466 5
7467 5
7468 5
7469 5
7470 5
7471 5
7472 5
7473 5
7474 5
7475 5
7476 5
7477 5
7478 5
7479 5
7480 5
7481 5
7482 5
7483 9
7484 5
7485 5
7486 5
7487 5
7488 5
7489 5
7490 5
7491 5
7492 5
7493 5
7494 5
7495 5
7496 6
7497 5
7498 5
7499 5
7500 5
7501 5
7502 5
7503 5
7504 5
7505 6
7506 5
7507 6
7508 6
7509 5
7510 5
7511 5
7512 5
7513 5
7514 5
7515 5
7516 5
7517 5
7518 5
7519 5
7520 5
7521 5
7522 5
7523 17
7524 5
7525 5
7526 5
7527 5
7528 6
7529 5
7530 5
7531 5
7532 9
7533 5
7534 5
7535 5
7536 5
7537 5
7538 5
7539 5
7540 5
7541 5
7542 5
7543 5
7544 5
7545 5
7546 5
7547 5
7548 5
7549 5
7550 5
7551 5
7552 5
7553 5
7554 5
7555 5
7556 5
7557 5
7558 5
7559 5
7560 5
7561 5
7562 5
7563 5
7564 5
7565 5
7566 5
7567 5
7568 5
7569 5
7570 5
7571 6
7572 6
7573 6
7574 10
7575 9
7576 11
7577 8
7578 7
7579 14
7580 6
7581 11
7582 5
7583 5
7584 5
7585 5
7586 5
7587 5
7588 5
7589 5
7590 5
7591 5
7592 5
7593 5
7594 5
7595 5
7596 5
7597 5
7598 5
7599 5
7600 5
7601 14
7602 6
7603 5
7604 8
7605 5
7606 5
7607 5
7608 5
7609 6
7610 5
7611 5
7612 5
7613 5
7614 5
7615 5
7616 5
7617 5
7618 5
7619 5
7620 5
7621 5
7622 5
7623 5
7624 9
7625 6
7626 8
7627 5
7628 5
7629 5
7630 15
7631 5
7632 6
7633 5
7634 5
7635 5
7636 5
7637 7
7638 5
7639 5
7640 5
7641 5
7642 7
7643 5
7644 5
7645 5
7646 5
7647 5
7648 7
7649 5
7650 5
7651 5
7652 5
7653 5
7654 5
7655 5
7656 6
7657 5
7658 5
7659 5
7660 5
7661 7
7662 5
7663 5
7664 5
7665 5
7666 5
7667 5
7668 5
7669 5
7670 5
7671 5
7672 5
7673 5
7674 5
7675 5
7676 5
7677 5
7678 5
7679 5
7680 5
7681 5
7682 5
7683 5
7684 5
7685 5
7686 6
7687 5
7688 5
7689 5
7690 5
7691 5
7692 5
7693 5
7694 5
7695 5
7696 5
7697 5
7698 5
7699 5
7700 5
7701 5
7702 5
7703 5
7704 5
7705 8
7706 5
7707 6
7708 5
7709 5
7710 5
7711 5
7712 5
7713 5
7714 5
7715 5
7716 5
7717 5
7718 5
7719 5
7720 5
7721 5
7722 5
7723 5
7724 5
7725 5
7726 5
7727 5
7728 5
7729 5
7730 5
7731 5
7732 5
7733 5
7734 5
7735 5
7736 5
7737 5
7738 5
7739 7
7740 6
7741 6
7742 5
7743 5
7744 5
7745 5
7746 5
7747 5
7748 5
7749 5
7750 5
7751 5
7752 5
7753 5
7754 5
7755 7
7756 7
7757 5
7758 5
7759 5
7760 5
7761 5
7762 5
7763 5
7764 5
7765 5
7766 5
7767 5
7768 5
7769 5
7770 5
7771 5
7772 5
7773 5
7774 5
7775 5
7776 5
7777 5
7778 5
7779 5
7780 5
7781 5
7782 5
7783 5
7784 5
7785 5
7786 5
7787 5
7788 5
7789 5
7790 5
7791 5
7792 5
7793 5
7794 5
7795 5
7796 5
7797 5
7798 5
7799 6
7800 6
7801 5
7802 5
7803 5
7804 5
7805 5
7806 5
7807 5
7808 5
7809 5
7810 5
7811 5
7812 5
7813 5
7814 5
7815 5
7816 5
7817 5
7818 5
7819 5
7820 5
7821 5
7822 5
7823 5
7824 5
7825 5
7826 5
7827 5
7828 5
7829 5
7830 5
7831 5
7832 5
7833 5
7834 5
7835 5
7836 5
7837 5
7838 5
7839 5
7840 6
7841 5
7842 5
7843 5
7844 5
7845 5
7846 5
7847 5
7848 5
7849 5
7850 5
7851 5
7852 5
7853 5
7854 5
7855 5
7856 5
7857 5
7858 5
7859 5
7860 5
7861 5
7862 5
7863 5
7864 5
7865 5
7866 5
7867 5
7868 5
7869 9
7870 5
7871 5
7872 5
7873 5
7874 5
7875 5
7876 5
7877 5
7878 5
7879 5
7880 5
7881 5
7882 5
7883 5
7884 7
7885 6
7886 5
7887 5
7888 5
7889 12
7890 12
7891 13
7892 12
7893 13
7894 13
7895 10
7896 6
7897 5
7898 5
7899 5
7900 5
7901 5
7902 5
7903 5
7904 5
7905 5
7906 5
7907 7
7908 5
7909 5
7910 5
7911 5
7912 5
7913 5
7914 5
7915 5
7916 5
7917 5
7918 7
7919 5
7920 5
7921 5
7922 5
7923 5
7924 5
7925 5
7926 5
7927 5
7928 5
7929 5
7930 5
7931 5
7932 5
7933 5
7934 5
7935 5
7936 5
7937 5
7938 5
7939 5
7940 5
7941 5
7942 5
7943 5
7944 5
7945 6
7946 6
7947 6
7948 5
7949 5
7950 5
7951 5
7952 5
7953 5
7954 5
7955 5
7956 5
7957 5
7958 5
7959 5
7960 24
7961 5
7962 5
7963 5
7964 5
7965 5
7966 5
7967 5
7968 5
7969 5
7970 5
7971 5
7972 5
7973 5
7974 5
7975 5
7976 5
7977 5
7978 5
7979 5
7980 8
7981 5
7982 5
7983 5
7984 7
7985 12
7986 5
7987 5
7988 5
7989 5
7990 5
7991 5
7992 5
7993 5
7994 5
7995 5
7996 5
7997 5
7998 5
7999 5
8000 5
8001 10
8002 5
8003 5
8004 5
8005 6
8006 5
8007 5
8008 7
8009 5
8010 5
8011 5
8012 5
8013 5
8014 5
8015 5
8016 5
8017 5
8018 5
8019 5
8020 5
8021 5
8022 5
8023 5
8024 5
8025 5
8026 5
8027 5
8028 5
8029 5
8030 5
8031 5
8032 5
8033 5
8034 5
8035 5
8036 5
8037 5
8038 5
8039 5
8040 5
8041 6
8042 5
8043 5
8044 5
8045 5
8046 5
8047 9
8048 6
8049 5
8050 6
8051 5
8052 5
8053 5
8054 5
8055 5
8056 5
8057 5
8058 5
8059 5
8060 5
8061 5
8062 5
8063 5
8064 5
8065 5
8066 5
8067 5
8068 5
8069 5
8070 5
8071 5
8072 5
8073 5
8074 5
8075 5
8076 5
8077 5
8078 5
8079 5
8080 5
8081 5
8082 5
8083 5
8084 5
8085 5
8086 5
8087 5
8088 5
8089 5
8090 7
8091 5
8092 5
8093 5
8094 5
8095 5
8096 5
8097 5
8098 5
8099 5
8100 5
8101 5
8102 5
8103 5
8104 5
8105 5
8106 5
8107 5
8108 5
8109 5
8110 5
8111 5
8112 5
8113 5
8114 5
8115 5
8116 7
8117 5
8118 5
8119 6
8120 8
8121 5
8122 5
8123 5
8124 5
8125 5
8126 5
8127 5
8128 5
8129 5
8130 5
8131 5
8132 5
8133 5
8134 5
8135 5
8136 5
8137 5
8138 5
8139 5
8140 5
8141 5
8142 5
8143 5
8144 5
8145 5
8146 5
8147 5
8148 5
8149 5
8150 5
8151 5
8152 5
8153 5
8154 5
8155 5
8156 5
8157 5
8158 5
8159 5
8160 5
8161 5
8162 5
8163 5
8164 5
8165 5
8166 5
8167 5
8168 5
8169 5
8170 5
8171 5
8172 5
8173 5
8174 5
8175 5
8176 5
8177 5
8178 5
8179 5
8180 5
8181 5
8182 5
8183 5
8184 5
8185 5
8186 5
8187 5
8188 5
8189 5
8190 5
8191 5
8192 5
8193 7
8194 5
8195 5
8196 5
8197 5
8198 5
8199 5
8200 5
8201 5
8202 5
8203 5
8204 5
8205 5
8206 5
8207 5
8208 5
8209 5
8210 5
8211 5
8212 6
8213 5
8214 5
8215 5
8216 5
8217 5
8218 5
8219 5
8220 5
8221 5
8222 5
8223 5
8224 5
8225 5
8226 6
8227 5
8228 5
8229 5
8230 5
8231 5
8232 5
8233 5
8234 5
8235 5
8236 5
8237 5
8238 5
8239 5
8240 5
8241 5
8242 5
8243 5
8244 5
8245 5
8246 5
8247 5
8248 5
8249 5
8250 5
8251 5
8252 5
8253 5
8254 5
8255 5
8256 5
8257 5
8258 5
8259 5
8260 5
8261 5
8262 5
8263 6
8264 5
8265 5
8266 5
8267 5
8268 5
8269 5
8270 5
8271 5
8272 5
8273 5
8274 5
8275 5
8276 5
8277 5
8278 5
8279 5
8280 6
8281 5
8282 5
8283 15
8284 6
8285 5
8286 6
8287 5
8288 5
8289 5
8290 5
8291 6
8292 5
8293 5
8294 5
8295 5
8296 5
8297 5
8298 5
8299 5
8300 5
8301 5
8302 5
8303 5
8304 5
8305 5
8306 5
8307 5
8308 5
8309 6
8310 5
8311 5
8312 5
8313 5
8314 5
8315 5
8316 5
8317 5
8318 6
8319 5
8320 5
8321 5
8322 5
8323 5
8324 6
8325 6
8326 5
8327 6
8328 5
8329 5
8330 5
8331 5
8332 5
8333 5
8334 5
8335 5
8336 5
8337 5
8338 5
8339 5
8340 5
8341 5
8342 5
8343 5
8344 5
8345 5
8346 5
8347 5
8348 5
8349 5
8350 5
8351 5
8352 5
8353 5
8354 5
8355 5
8356 5
8357 5
8358 5
8359 5
8360 5
8361 5
8362 5
8363 5
8364 5
8365 5
8366 5
8367 5
8368 5
8369 5
8370 5
8371 5
8372 5
8373 5
8374 5
8375 5
8376 5
8377 5
8378 5
8379 5
8380 5
8381 5
8382 6
8383 5
8384 5
8385 5
8386 5
8387 5
8388 5
8389 5
8390 5
8391 6
8392 5
8393 5
8394 5
8395 5
8396 5
8397 5
8398 5
8399 5
8400 5
8401 5
8402 6
8403 5
8404 5
8405 5
8406 5
8407 5
8408 5
8409 5
8410 5
8411 5
8412 5
8413 5
8414 5
8415 5
8416 5
8417 5
8418 5
8419 5
8420 5
8421 5
8422 5
8423 5
8424 5
8425 5
8426 5
8427 5
8428 5
8429 5
8430 5
8431 5
8432 5
8433 5
8434 5
8435 5
8436 5
8437 5
8438 5
8439 5
8440 5
8441 5
8442 5
8443 5
8444 5
8445 8
8446 6
8447 11
8448 5
8449 5
8450 5
8451 5
8452 5
8453 5
8454 5
8455 5
8456 5
8457 5
8458 5
8459 5
8460 5
8461 6
8462 5
8463 5
8464 5
8465 5
8466 5
8467 5
8468 5
8469 5
8470 5
8471 5
8472 5
8473 5
8474 5
8475 5
8476 5
8477 5
8478 5
8479 5
8480 5
8481 5
8482 5
8483 5
8484 5
8485 5
8486 5
8487 5
8488 5
8489 5
8490 5
8491 5
8492 5
8493 5
8494 5
8495 5
8496 5
8497 5
8498 5
8499 5
8500 5
8501 5
8502 5
8503 5
8504 5
8505 5
8506 5
8507 5
8508 5
8509 5
8510 5
8511 5
8512 5
8513 5
8514 5
8515 5
8516 6
8517 5
8518 5
8519 5
8520 5
8521 5
8522 5
8523 5
8524 5
8525 5
8526 5
8527 5
8528 5
8529 5
8530 5
8531 6
8532 6
8533 5
8534 5
8535 5
8536 5
8537 5
8538 5
8539 5
8540 5
8541 5
8542 5
8543 5
8544 5
8545 5
8546 5
8547 5
8548 5
8549 5
8550 5
8551 6
8552 5
8553 5
8554 5
8555 5
8556 5
8557 5
8558 5
8559 5
8560 5
8561 5
8562 5
8563 5
8564 5
8565 5
8566 5
8567 5
8568 5
8569 5
8570 7
8571 6
8572 5
8573 5
8574 5
8575 5
8576 5
8577 5
8578 5
8579 5
8580 5
8581 5
8582 5
8583 5
8584 5
8585 5
8586 5
8587 5
8588 5
8589 5
8590 6
8591 6
8592 5
8593 5
8594 5
8595 5
8596 5
8597 5
8598 5
8599 5
8600 5
8601 5
8602 5
8603 5
8604 5
8605 5
8606 14
8607 5
8608 5
8609 6
8610 5
8611 5
8612 9
8613 6
8614 5
8615 5
8616 7
8617 5
8618 5
8619 6
8620 8
8621 5
8622 5
8623 5
8624 5
8625 5
8626 5
8627 5
8628 5
8629 5
8630 5
8631 5
8632 5
8633 5
8634 5
8635 5
8636 5
8637 5
8638 5
8639 5
8640 5
8641 5
8642 5
8643 5
8644 5
8645 5
8646 5
8647 5
8648 5
8649 5
8650 5
8651 5
8652 5
8653 5
8654 5
8655 5
8656 5
8657 5
8658 5
8659 5
8660 5
8661 5
8662 5
8663 5
8664 5
8665 5
8666 5
8667 5
8668 5
8669 5
8670 5
8671 5
8672 5
8673 5
8674 5
8675 5
8676 5
8677 5
8678 5
8679 5
8680 5
8681 5
8682 5
8683 5
8684 5
8685 5
8686 5
8687 5
8688 5
8689 6
8690 5
8691 5
8692 5
8693 5
8694 5
8695 5
8696 5
8697 5
8698 5
8699 5
8700 5
8701 5
8702 5
8703 5
8704 5
8705 5
8706 5
8707 5
8708 5
8709 5
8710 5
8711 5
8712 5
8713 5
8714 5
8715 5
8716 5
8717 5
8718 5
8719 5
8720 5
8721 5
8722 5
8723 5
8724 5
8725 5
8726 5
8727 5
8728 5
8729 5
8730 5
8731 5
8732 5
8733 5
8734 5
8735 5
8736 5
8737 5
8738 5
8739 5
8740 5
8741 5
8742 5
8743 7
8744 5
8745 5
8746 5
8747 5
8748 5
8749 5
8750 5
8751 5
8752 5
8753 5
8754 5
8755 5
8756 5
8757 5
8758 5
8759 5
8760 5
8761 5
8762 5
8763 5
8764 5
8765 5
8766 5
8767 5
8768 5
8769 5
8770 5
8771 5
8772 6
8773 5
8774 6
8775 5
8776 5
8777 5
8778 5
8779 5
8780 5
8781 5
8782 6
8783 5
8784 5
8785 5
8786 5
8787 5
8788 5
8789 5
8790 5
8791 6
8792 5
8793 5
8794 5
8795 5
8796 5
8797 5
8798 5
8799 5
8800 5
8801 5
8802 5
8803 5
8804 5
8805 5
8806 5
8807 6
8808 5
8809 5
8810 5
8811 5
8812 5
8813 5
8814 5
8815 5
8816 5
8817 5
8818 5
8819 5
8820 5
8821 5
8822 5
8823 5
8824 6
8825 5
8826 5
8827 5
8828 5
8829 5
8830 5
8831 5
8832 5
8833 5
8834 5
8835 5
8836 5
8837 5
8838 5
8839 5
8840 5
8841 5
8842 5
8843 5
8844 5
8845 5
8846 5
8847 5
8848 5
8849 5
8850 5
8851 5
8852 5
8853 5
8854 5
8855 5
8856 5
8857 5
8858 5
8859 5
8860 5
8861 5
8862 5
8863 5
8864 5
8865 5
8866 5
8867 5
8868 5
8869 5
8870 5
8871 5
8872 8
8873 5
8874 6
8875 5
8876 5
8877 5
8878 5
8879 5
8880 6
8881 7
8882 5
8883 5
8884 5
8885 5
8886 5
8887 5
8888 5
8889 5
8890 5
8891 5
8892 5
8893 5
8894 5
8895 5
8896 5
8897 5
8898 5
8899 5
8900 6
8901 5
8902 5
8903 5
8904 5
8905 5
8906 5
8907 5
8908 5
8909 5
8910 5
8911 5
8912 5
8913 5
8914 5
8915 5
8916 5
8917 5
8918 5
8919 5
8920 5
8921 5
8922 5
8923 5
8924 5
8925 5
8926 5
8927 5
8928 5
8929 5
8930 5
8931 5
8932 6
8933 5
8934 5
8935 5
8936 5
8937 5
8938 5
8939 5
8940 5
8941 5
8942 5
8943 5
8944 5
8945 5
8946 5
8947 5
8948 5
8949 5
8950 5
8951 5
8952 5
8953 5
8954 5
8955 5
8956 5
8957 5
8958 5
8959 5
8960 5
8961 5
8962 5
8963 5
8964 5
8965 5
8966 5
8967 5
8968 5
8969 5
8970 6
8971 5
8972 5
8973 5
8974 5
8975 5
8976 5
8977 5
8978 5
8979 5
8980 5
8981 5
8982 5
8983 5
8984 5
8985 5
8986 5
8987 5
8988 5
8989 5
8990 5
8991 5
8992 5
8993 5
8994 5
8995 5
8996 5
8997 5
8998 5
8999 5
9000 5
9001 5
9002 6
9003 5
9004 5
9005 5
9006 5
9007 5
9008 5
9009 5
9010 5
9011 5
9012 5
9013 5
9014 5
9015 5
9016 5
9017 5
9018 5
9019 5
9020 5
9021 5
9022 5
9023 5
9024 5
9025 5
9026 5
9027 5
9028 5
9029 5
9030 5
9031 5
9032 5
9033 5
9034 5
9035 5
9036 5
9037 5
9038 5
9039 5
9040 5
9041 5
9042 5
9043 5
9044 5
9045 5
9046 5
9047 6
9048 5
9049 5
9050 5
9051 5
9052 5
9053 5
9054 5
9055 5
9056 5
9057 5
9058 5
9059 5
9060 5
9061 5
9062 5
9063 5
9064 5
9065 5
9066 5
9067 5
9068 5
9069 5
9070 5
9071 5
9072 5
9073 5
9074 5
9075 5
9076 5
9077 5
9078 5
9079 5
9080 6
9081 5
9082 5
9083 5
9084 5
9085 5
9086 5
9087 5
9088 5
9089 5
9090 5
9091 5
9092 5
9093 5
9094 5
9095 5
9096 5
9097 5
9098 5
9099 5
9100 5
9101 5
9102 5
9103 5
9104 5
9105 5
9106 5
9107 5
9108 5
9109 5
9110 5
9111 5
9112 5
9113 12
9114 5
9115 5
9116 5
9117 5
9118 5
9119 5
9120 5
9121 5
9122 8
9123 5
9124 5
9125 5
9126 5
9127 5
9128 5
9129 5
9130 5
9131 5
9132 5
9133 5
9134 5
9135 5
9136 5
9137 6
9138 5
9139 5
9140 5
9141 5
9142 5
9143 5
9144 5
9145 5
9146 5
9147 5
9148 5
9149 5
9150 5
9151 5
9152 5
9153 5
9154 5
9155 5
9156 5
9157 5
9158 5
9159 5
9160 5
9161 5
9162 5
9163 5
9164 5
9165 5
9166 5
9167 5
9168 5
9169 5
9170 5
9171 5
9172 5
9173 5
9174 5
9175 5
9176 5
9177 5
9178 5
9179 5
9180 5
9181 5
9182 5
9183 5
9184 5
9185 5
9186 5
9187 5
9188 5
9189 5
9190 5
9191 5
9192 5
9193 5
9194 5
9195 5
9196 5
9197 5
9198 5
9199 5
9200 5
9201 5
9202 5
9203 5
9204 5
9205 5
9206 5
9207 5
9208 5
9209 5
9210 5
9211 5
9212 5
9213 5
9214 8
9215 5
9216 5
9217 5
9218 5
9219 5
9220 5
9221 5
9222 5
9223 5
9224 5
9225 5
9226 5
9227 5
9228 5
9229 5
9230 5
9231 5
9232 5
9233 5
9234 5
9235 5
9236 5
9237 5
9238 5
9239 5
9240 5
9241 5
9242 5
9243 5
9244 5
9245 5
9246 5
9247 5
9248 5
9249 5
9250 5
9251 5
9252 5
9253 5
9254 5
9255 5
9256 5
9257 5
9258 5
9259 5
9260 5
9261 5
9262 5
9263 5
9264 5
9265 5
9266 5
9267 5
9268 5
9269 5
9270 5
9271 5
9272 5
9273 5
9274 5
9275 5
9276 5
9277 5
9278 5
9279 5
9280 5
9281 5
9282 5
9283 5
9284 5
9285 5
9286 5
9287 5
9288 9
9289 6
9290 10
9291 5
9292 9
9293 7
9294 8
9295 5
9296 5
9297 5
9298 5
9299 5
9300 5
9301 5
9302 5
9303 5
9304 5
9305 5
9306 5
9307 5
9308 5
9309 5
9310 5
9311 5
9312 5
9313 5
9314 5
9315 5
9316 5
9317 5
9318 5
9319 5
9320 5
9321 5
9322 5
9323 5
9324 5
9325 5
9326 5
9327 5
9328 5
9329 5
9330 5
9331 5
9332 5
9333 5
9334 5
9335 5
9336 5
9337 5
9338 5
9339 5
9340 5
9341 5
9342 5
9343 5
9344 5
9345 5
9346 5
9347 5
9348 5
9349 5
9350 5
9351 5
9352 5
9353 5
9354 5
9355 5
9356 5
9357 5
9358 5
9359 5
9360 5
9361 5
9362 5
9363 5
9364 5
9365 5
9366 5
9367 5
9368 5
9369 5
9370 5
9371 5
9372 5
9373 5
9374 5
9375 5
9376 5
9377 5
9378 5
9379 5
9380 5
9381 6
9382 5
9383 5
9384 5
9385 5
9386 5
9387 5
9388 5
9389 5
9390 5
9391 5
9392 5
9393 5
9394 5
9395 5
9396 5
9397 5
9398 5
9399 5
9400 5
9401 5
9402 5
9403 5
9404 6
9405 5
9406 7
9407 5
9408 5
9409 5
9410 5
9411 5
9412 5
9413 6
9414 5
9415 5
9416 5
9417 5
9418 5
9419 5
9420 5
9421 5
9422 5
9423 5
9424 5
9425 5
9426 5
9427 5
9428 5
9429 5
9430 5
9431 5
9432 5
9433 5
9434 5
9435 5
9436 5
9437 5
9438 5
9439 5
9440 5
9441 5
9442 5
9443 5
9444 5
9445 5
9446 5
9447 5
9448 5
9449 5
9450 5
9451 6
9452 5
9453 5
9454 5
9455 5
9456 5
9457 5
9458 5
9459 5
9460 5
9461 5
9462 5
9463 5
9464 5
9465 5
9466 5
9467 5
9468 5
9469 5
9470 6
9471 8
9472 5
9473 6
9474 5
9475 5
9476 5
9477 5
9478 5
9479 5
9480 5
9481 5
9482 5
9483 5
9484 5
9485 5
9486 5
9487 5
9488 5
9489 5
9490 5
9491 5
9492 5
9493 5
9494 5
9495 5
9496 5
9497 5
9498 5
9499 5
9500 5
9501 5
9502 5
9503 5
9504 5
9505 5
9506 5
9507 5
9508 5
9509 5
9510 5
9511 5
9512 5
9513 5
9514 5
9515 5
9516 5
9517 5
9518 5
9519 5
9520 5
9521 5
9522 5
9523 5
9524 5
9525 5
9526 5
9527 5
9528 5
9529 5
9530 5
9531 5
9532 5
9533 5
9534 5
9535 5
9536 5
9537 5
9538 5
9539 5
9540 5
9541 5
9542 5
9543 5
9544 5
9545 5
9546 5
9547 5
9548 5
9549 5
9550 5
9551 5
9552 5
9553 5
9554 5
9555 5
9556 5
9557 5
9558 5
9559 5
9560 5
9561 5
9562 5
9563 5
9564 5
9565 5
9566 5
9567 5
9568 5
9569 5
9570 5
9571 5
9572 7
9573 5
9574 5
9575 5
9576 5
9577 5
9578 5
9579 5
9580 5
9581 5
9582 5
9583 5
9584 5
9585 5
9586 5
9587 5
9588 5
9589 5
9590 5
9591 5
9592 5
9593 5
9594 5
9595 5
9596 5
9597 5
9598 5
9599 5
9600 5
9601 5
9602 5
9603 5
9604 5
9605 5
9606 5
9607 5
9608 5
9609 6
9610 5
9611 5
9612 5
9613 5
9614 5
9615 5
9616 5
9617 5
9618 5
9619 5
9620 5
9621 5
9622 5
9623 5
9624 5
9625 5
9626 5
9627 5
9628 5
9629 5
9630 5
9631 5
9632 5
9633 5
9634 5
9635 5
9636 5
9637 5
9638 5
9639 5
9640 5
9641 5
9642 5
9643 5
9644 5
9645 5
9646 5
9647 5
9648 5
9649 5
9650 5
9651 5
9652 5
9653 5
9654 5
9655 5
9656 5
9657 5
9658 5
9659 5
9660 5
9661 5
9662 5
9663 5
9664 5
9665 5
9666 5
9667 5
9668 5
9669 5
9670 5
9671 5
9672 5
9673 5
9674 5
9675 5
9676 5
9677 5
9678 5
9679 5
9680 5
9681 6
9682 6
9683 5
9684 5
9685 5
9686 8
9687 5
9688 5
9689 5
9690 5
9691 5
9692 5
9693 5
9694 6
9695 5
9696 5
9697 5
9698 5
9699 5
9700 5
9701 5
9702 5
9703 5
9704 5
9705 5
9706 5
9707 5
9708 5
9709 5
9710 5
9711 5
9712 5
9713 5
9714 5
9715 5
9716 5
9717 5
9718 5
9719 5
9720 5
9721 5
9722 5
9723 5
9724 5
9725 5
9726 5
9727 5
9728 5
9729 5
9730 5
9731 5
9732 5
9733 5
9734 5
9735 5
9736 5
9737 5
9738 5
9739 5
9740 5
9741 5
9742 5
9743 5
9744 5
9745 5
9746 5
9747 5
9748 5
9749 5
9750 5
9751 5
9752 5
9753 6
9754 5
9755 5
9756 5
9757 5
9758 5
9759 5
9760 5
9761 5
9762 5
9763 5
9764 5
9765 5
9766 5
9767 5
9768 5
9769 5
9770 5
9771 5
9772 5
9773 5
9774 5
9775 5
9776 5
9777 5
9778 5
9779 5
9780 5
9781 5
9782 5
9783 5
9784 5
9785 5
9786 5
9787 5
9788 5
9789 5
9790 5
9791 5
9792 5
9793 5
9794 5
9795 5
9796 5
9797 5
9798 5
9799 5
9800 5
9801 5
9802 5
9803 5
9804 5
9805 5
9806 5
9807 5
9808 5
9809 5
9810 5
9811 5
9812 5
9813 5
9814 5
9815 5
9816 5
9817 5
9818 5
9819 5
9820 5
9821 5
9822 5
9823 5
9824 5
9825 5
9826 5
9827 5
9828 5
9829 5
9830 5
9831 5
9832 5
9833 5
9834 5
9835 5
9836 5
9837 5
9838 5
9839 5
9840 5
9841 5
9842 5
9843 5
9844 5
9845 5
9846 5
9847 5
9848 5
9849 5
9850 5
9851 5
9852 5
9853 5
9854 5
9855 5
9856 5
9857 5
9858 5
9859 5
9860 5
9861 5
9862 5
9863 5
9864 5
9865 5
9866 6
9867 5
9868 5
9869 5
9870 5
9871 5
9872 5
9873 5
9874 5
9875 5
9876 5
9877 5
9878 5
9879 5
9880 5
9881 5
9882 5
9883 5
9884 5
9885 5
9886 5
9887 5
9888 5
9889 5
9890 5
9891 5
9892 5
9893 5
9894 5
9895 5
9896 5
9897 5
9898 5
9899 5
9900 5
9901 5
9902 5
9903 5
9904 5
9905 5
9906 5
9907 5
9908 5
9909 5
9910 5
9911 5
9912 5
9913 5
9914 7
9915 5
9916 5
9917 5
9918 5
9919 5
9920 5
9921 5
9922 5
9923 5
9924 5
9925 5
9926 5
9927 5
9928 6
9929 5
9930 5
9931 5
9932 5
9933 5
9934 5
9935 5
9936 5
9937 5
9938 6
9939 5
9940 5
9941 5
9942 5
9943 5
9944 5
9945 5
9946 5
9947 5
9948 5
9949 5
9950 5
9951 5
9952 5
9953 5
9954 5
9955 5
9956 5
9957 5
9958 5
9959 6
9960 5
9961 5
9962 5
9963 5
9964 5
9965 5
9966 5
9967 5
9968 5
9969 5
9970 5
9971 5
9972 5
9973 5
9974 5
9975 5
9976 5
9977 5
9978 5
9979 5
9980 5
9981 5
9982 5
9983 5
9984 5
9985 5
9986 5
9987 5
9988 5
9989 5
9990 5
9991 5
9992 5
9993 5
9994 5
9995 5
9996 5
9997 5
9998 5
9999 5
10000 5
10001 5
10002 5
10003 5
10004 5
10005 5
10006 5
10007 5
10008 7
10009 5
10010 5
10011 5
10012 5
10013 5
10014 5
10015 5
10016 5
10017 5
10018 5
10019 5
10020 5
10021 5
10022 5
10023 5
10024 5
10025 5
10026 5
10027 5
10028 5
10029 5
10030 5
10031 5
10032 5
10033 5
10034 5
10035 5
10036 5
10037 5
10038 5
10039 5
10040 8
10041 6
10042 5
10043 5
10044 6
10045 5
10046 5
10047 5
10048 5
10049 5
10050 5
10051 5
10052 5
10053 5
10054 5
10055 5
10056 5
10057 5
10058 5
10059 5
10060 5
10061 5
10062 5
10063 5
10064 5
10065 5
10066 7
10067 5
10068 5
10069 5
10070 5
10071 5
10072 5
10073 5
10074 5
10075 5
10076 5
10077 5
10078 5
10079 5
10080 5
10081 5
10082 5
10083 5
10084 5
10085 5
10086 5
10087 5
10088 5
10089 5
10090 5
10091 5
10092 5
10093 5
10094 5
10095 5
10096 5
10097 5
10098 5
10099 5
10100 5
10101 5
10102 5
10103 5
10104 5
10105 5
10106 5
10107 5
10108 5
10109 5
10110 5
10111 5
10112 5
10113 5
10114 5
10115 5
10116 5
10117 5
10118 5
10119 5
10120 5
10121 5
10122 5
10123 5
10124 5
10125 5
10126 5
10127 5
10128 5
10129 5
10130 5
10131 5
10132 5
10133 5
10134 5
10135 5
10136 5
10137 5
10138 5
10139 5
10140 5
10141 5
10142 5
10143 5
10144 5
10145 5
10146 5
10147 5
10148 5
10149 5
10150 5
10151 5
10152 5
10153 5
10154 5
10155 5
10156 5
10157 5
10158 5
10159 5
10160 5
10161 5
10162 5
10163 5
10164 5
10165 5
10166 5
10167 5
10168 5
10169 5
10170 5
10171 5
10172 5
10173 5
10174 5
10175 6
10176 5
10177 5
10178 5
10179 5
10180 5
10181 5
10182 5
10183 5
10184 5
10185 5
10186 5
10187 5
10188 5
10189 5
10190 5
10191 5
10192 5
10193 5
10194 5
10195 5
10196 5
10197 5
10198 5
10199 5
10200 5
10201 5
10202 5
10203 5
10204 5
10205 5
10206 5
10207 5
10208 5
10209 5
10210 5
10211 5
10212 5
10213 5
10214 5
10215 5
10216 5
10217 5
10218 7
10219 5
10220 5
10221 5
10222 5
10223 5
10224 5
10225 5
10226 5
10227 5
10228 5
10229 5
10230 5
10231 5
10232 5
10233 5
10234 5
10235 5
10236 5
10237 5
10238 5
10239 5
10240 5
10241 5
10242 5
10243 5
10244 5
10245 5
10246 5
10247 5
10248 5
10249 5
10250 5
10251 5
10252 5
10253 5
10254 5
10255 5
10256 5
10257 5
10258 5
10259 5
10260 5
10261 5
10262 5
10263 5
10264 5
10265 5
10266 5
10267 5
10268 5
10269 5
10270 5
10271 5
10272 5
10273 5
10274 5
10275 5
10276 5
10277 5
10278 5
10279 5
10280 5
10281 5
10282 5
10283 5
10284 5
10285 5
10286 5
10287 5
10288 5
10289 5
10290 5
10291 5
10292 5
10293 5
10294 5
10295 5
10296 5
10297 5
10298 5
10299 5
10300 5
10301 5
10302 5
10303 5
10304 5
10305 5
10306 5
10307 5
10308 5
10309 5
10310 5
10311 5
10312 5
10313 5
10314 5
10315 5
10316 5
10317 5
10318 5
10319 5
10320 5
10321 5
10322 5
10323 5
10324 5
10325 5
10326 5
10327 5
10328 5
10329 5
10330 5
10331 5
10332 5
10333 5
10334 5
10335 5
10336 5
10337 5
10338 5
10339 5
10340 5
10341 5
10342 5
10343 5
10344 5
10345 5
10346 5
10347 5
10348 5
10349 5
10350 5
10351 5
10352 5
10353 5
10354 5
10355 5
10356 5
10357 5
10358 5
10359 5
10360 5
10361 5
10362 5
10363 5
10364 5
10365 5
10366 5
10367 5
10368 5
10369 5
10370 5
10371 5
10372 5
10373 5
10374 5
10375 5
10376 5
10377 5
10378 5
10379 5
10380 5
10381 5
10382 5
10383 6
10384 5
10385 5
10386 5
10387 5
10388 5
10389 5
10390 5
10391 5
10392 5
10393 5
10394 5
10395 5
10396 5
10397 5
10398 5
10399 5
10400 5
10401 5
10402 5
10403 5
10404 5
10405 5
10406 5
10407 5
10408 5
10409 5
10410 5
10411 5
10412 5
10413 5
10414 7
10415 5
10416 5
10417 5
10418 5
10419 5
10420 5
10421 5
10422 5
10423 5
10424 5
10425 5
10426 5
10427 5
10428 5
10429 5
10430 5
10431 5
10432 5
10433 5
10434 5
10435 5
10436 5
10437 5
10438 5
10439 5
10440 5
10441 5
10442 5
10443 5
10444 5
10445 5
10446 5
10447 5
10448 5
10449 5
10450 5
10451 5
10452 5
10453 5
10454 5
10455 5
10456 5
10457 5
10458 5
10459 5
10460 5
10461 5
10462 5
10463 5
10464 5
10465 5
10466 5
10467 5
10468 5
10469 5
10470 5
10471 5
10472 5
10473 5
10474 5
10475 5
10476 5
10477 5
10478 5
10479 5
10480 5
10481 5
10482 5
10483 5
10484 5
10485 5
10486 5
10487 5
10488 5
10489 5
10490 5
10491 5
10492 5
10493 5
10494 5
10495 5
10496 5
10497 5
10498 5
10499 5
10500 5
10501 5
10502 5
10503 5
10504 5
10505 5
10506 5
10507 5
10508 5
10509 5
10510 5
10511 5
10512 5
10513 5
10514 6
10515 6
10516 5
10517 5
10518 5
10519 5
10520 5
10521 5
10522 5
10523 5
10524 5
10525 5
10526 5
10527 5
10528 5
10529 5
10530 5
10531 5
10532 5
10533 5
10534 5
10535 5
10536 5
10537 5
10538 5
10539 5
10540 5
10541 5
10542 5
10543 5
10544 5
10545 5
10546 5
10547 5
10548 5
10549 5
10550 6
10551 6
10552 5
10553 5
10554 5
10555 5
10556 5
10557 5
10558 5
10559 5
10560 5
10561 5
10562 5
10563 5
10564 5
10565 5
10566 5
10567 5
10568 5
10569 5
10570 5
10571 5
10572 5
10573 5
10574 5
10575 5
10576 5
10577 5
10578 5
10579 5
10580 5
10581 5
10582 5
10583 5
10584 5
10585 5
10586 5
10587 5
10588 5
10589 5
10590 5
10591 5
10592 5
10593 5
10594 5
10595 5
10596 5
10597 5
10598 5
10599 5
10600 5
10601 5
10602 5
10603 5
10604 5
10605 5
10606 5
10607 5
10608 5
10609 5
10610 5
10611 5
10612 5
10613 5
10614 5
10615 5
10616 5
10617 5
10618 5
10619 5
10620 5
10621 5
10622 5
10623 5
10624 5
10625 5
10626 5
10627 5
10628 5
10629 5
10630 5
10631 5
10632 5
10633 5
10634 5
10635 5
10636 5
10637 5
10638 5
10639 5
10640 5
10641 5
10642 5
10643 5
10644 5
10645 5
10646 5
10647 5
10648 5
10649 5
10650 5
10651 5
10652 5
10653 5
10654 5
10655 5
10656 5
10657 5
10658 5
10659 5
10660 5
10661 5
10662 5
10663 5
10664 5
10665 5
10666 5
10667 5
10668 5
10669 5
10670 5
10671 5
10672 5
10673 5
10674 5
10675 5
10676 5
10677 5
10678 5
10679 5
